x      0.0000000      2.0663989     -0.3573364      2.0967594   -999.0000000   -999.0000000   -999.0000000
x      0.0005000      2.0425145     -0.3092132      2.1493809   -999.0000000   -999.0000000   -999.0000000
x      0.0010000      2.0504969     -0.3574296      2.1067868   -999.0000000   -999.0000000   -999.0000000
x      0.0015000      2.1206572     -0.3961463      2.0205579   -999.0000000   -999.0000000   -999.0000000
x      0.0020000      2.1238540     -0.4693032      2.1241298   -999.0000000   -999.0000000   -999.0000000
x      0.0025000      2.1392521     -0.4341589      2.0931671   -999.0000000   -999.0000000   -999.0000000
x      0.0030000      2.2115718     -0.4583196      2.1055476   -999.0000000   -999.0000000   -999.0000000
x      0.0035000      2.2143626     -0.4573568      1.9989291   -999.0000000   -999.0000000   -999.0000000
x      0.0040000      2.1896209     -0.4034972      1.9725827   -999.0000000   -999.0000000   -999.0000000
x      0.0045000      2.2879003     -0.3878606      1.9412840   -999.0000000   -999.0000000   -999.0000000
x      0.0050000      2.2553815     -0.4170298      1.8867477   -999.0000000   -999.0000000   -999.0000000
x      0.0055000      2.2876112     -0.4147615      1.8671798   -999.0000000   -999.0000000   -999.0000000
x      0.0060000      2.3006166     -0.3997802      1.8515809   -999.0000000   -999.0000000   -999.0000000
x      0.0065000      2.2824363     -0.4461868      1.8991002   -999.0000000   -999.0000000   -999.0000000
x      0.0070000      2.2567648     -0.4341540      1.9295280   -999.0000000   -999.0000000   -999.0000000
x      0.0075000      2.2487812     -0.4159687      1.9453693   -999.0000000   -999.0000000   -999.0000000
x      0.0080000      2.2601457     -0.3350281      1.9460920   -999.0000000   -999.0000000   -999.0000000
x      0.0085000      2.2304790     -0.2835950      2.0421164   -999.0000000   -999.0000000   -999.0000000
x      0.0090000      2.2286292     -0.2840500      2.0588005   -999.0000000   -999.0000000   -999.0000000
x      0.0095000      2.2394607     -0.3186667      1.9894567   -999.0000000   -999.0000000   -999.0000000
x      0.0100000      2.2512032     -0.3270837      2.0228492   -999.0000000   -999.0000000   -999.0000000
x      0.0105000      2.1986445     -0.2654215      2.0946979   -999.0000000   -999.0000000   -999.0000000
x      0.0110000      2.2011324     -0.1978201      2.0344999   -999.0000000   -999.0000000   -999.0000000
x      0.0115000      2.1734467     -0.1598313      2.0007212   -999.0000000   -999.0000000   -999.0000000
x      0.0120000      2.0832500     -0.1865152      1.9496214   -999.0000000   -999.0000000   -999.0000000
x      0.0125000      2.1430621     -0.2037456      1.9889417   -999.0000000   -999.0000000   -999.0000000
x      0.0130000      2.1537646     -0.2839756      1.9618399   -999.0000000   -999.0000000   -999.0000000
x      0.0135000      2.1397895     -0.2833536      1.9362827   -999.0000000   -999.0000000   -999.0000000
x      0.0140000      2.1273966     -0.3460156      1.9145431   -999.0000000   -999.0000000   -999.0000000
x      0.0145000      2.1266260     -0.3474258      1.9469406   -999.0000000   -999.0000000   -999.0000000
x      0.0150000      2.1721850     -0.3710428      1.9731838   -999.0000000   -999.0000000   -999.0000000
x      0.0155000      2.1766435     -0.3836708      1.9506801   -999.0000000   -999.0000000   -999.0000000
x      0.0160000      2.1273865     -0.3809069      1.9758574   -999.0000000   -999.0000000   -999.0000000
x      0.0165000      2.1696787     -0.3888530      2.0147736   -999.0000000   -999.0000000   -999.0000000
x      0.0170000      2.1920990     -0.4254957      1.9200901   -999.0000000   -999.0000000   -999.0000000
x      0.0175000      2.1713053     -0.4695370      1.8535076   -999.0000000   -999.0000000   -999.0000000
x      0.0180000      2.1852557     -0.4095043      1.8614085   -999.0000000   -999.0000000   -999.0000000
x      0.0185000      2.1665669     -0.3275844      1.9178844   -999.0000000   -999.0000000   -999.0000000
x      0.0190000      2.2804598     -0.3694914      1.8307760   -999.0000000   -999.0000000   -999.0000000
x      0.0195000      2.2644596     -0.3325737      1.8870580   -999.0000000   -999.0000000   -999.0000000
x      0.0200000      2.3193142     -0.4323985      1.9167721   -999.0000000   -999.0000000   -999.0000000
x      0.0205000      2.3099945     -0.4505851      1.8855851   -999.0000000   -999.0000000   -999.0000000
x      0.0210000      2.2547264     -0.3632835      1.9323108   -999.0000000   -999.0000000   -999.0000000
x      0.0215000      2.3023631     -0.3972806      1.9410684   -999.0000000   -999.0000000   -999.0000000
x      0.0220000      2.2274678     -0.3146897      1.9870185   -999.0000000   -999.0000000   -999.0000000
x      0.0225000      2.2223777     -0.3647088      2.0102493   -999.0000000   -999.0000000   -999.0000000
x      0.0230000      2.1768258     -0.3973586      1.9629121   -999.0000000   -999.0000000   -999.0000000
x      0.0235000      2.1702553     -0.3462252      1.9702347   -999.0000000   -999.0000000   -999.0000000
x      0.0240000      2.2386639     -0.3151196      1.8924746   -999.0000000   -999.0000000   -999.0000000
x      0.0245000      2.2835589     -0.2853706      1.8169991   -999.0000000   -999.0000000   -999.0000000
x      0.0250000      2.3449499     -0.3050858      1.8277906   -999.0000000   -999.0000000   -999.0000000
x      0.0255000      2.4184444     -0.2472876      1.8185842   -999.0000000   -999.0000000   -999.0000000
x      0.0260000      2.4129609     -0.2103948      1.7710220   -999.0000000   -999.0000000   -999.0000000
x      0.0265000      2.4841645     -0.2635759      1.7507818   -999.0000000   -999.0000000   -999.0000000
x      0.0270000      2.4461703     -0.2818843      1.7157076   -999.0000000   -999.0000000   -999.0000000
x      0.0275000      2.4643038     -0.3239472      1.6648896   -999.0000000   -999.0000000   -999.0000000
x      0.0280000      2.5004219     -0.3974451      1.6210748   -999.0000000   -999.0000000   -999.0000000
x      0.0285000      2.5504290     -0.4283586      1.6472616   -999.0000000   -999.0000000   -999.0000000
x      0.0290000      2.5200964     -0.3820032      1.6969193   -999.0000000   -999.0000000   -999.0000000
x      0.0295000      2.5892983     -0.3860394      1.7260282   -999.0000000   -999.0000000   -999.0000000
x      0.0300000      2.5948877     -0.3538202      1.7828460   -999.0000000   -999.0000000   -999.0000000
x      0.0305000      2.6264198     -0.4256946      1.7357120   -999.0000000   -999.0000000   -999.0000000
x      0.0310000      2.7029315     -0.4042571      1.8222279   -999.0000000   -999.0000000   -999.0000000
x      0.0315000      2.6679539     -0.4259915      1.7945922   -999.0000000   -999.0000000   -999.0000000
x      0.0320000      2.6753448     -0.4660186      1.7405534   -999.0000000   -999.0000000   -999.0000000
x      0.0325000      2.6438605     -0.4157321      1.7358519   -999.0000000   -999.0000000   -999.0000000
x      0.0330000      2.6150484     -0.4200967      1.7379117   -999.0000000   -999.0000000   -999.0000000
x      0.0335000      2.6284118     -0.4310319      1.7258441   -999.0000000   -999.0000000   -999.0000000
x      0.0340000      2.5867714     -0.4411190      1.6916905   -999.0000000   -999.0000000   -999.0000000
x      0.0345000      2.5657243     -0.5216757      1.6932081   -999.0000000   -999.0000000   -999.0000000
x      0.0350000      2.5705826     -0.5353730      1.7101477   -999.0000000   -999.0000000   -999.0000000
x      0.0355000      2.5213220     -0.5359552      1.6897184   -999.0000000   -999.0000000   -999.0000000
x      0.0360000      2.5326874     -0.5589453      1.6355198   -999.0000000   -999.0000000   -999.0000000
x      0.0365000      2.5016865     -0.5312966      1.6307955   -999.0000000   -999.0000000   -999.0000000
x      0.0370000      2.4917568     -0.6017752      1.6947318   -999.0000000   -999.0000000   -999.0000000
x      0.0375000      2.5139200     -0.5977742      1.7155422   -999.0000000   -999.0000000   -999.0000000
x      0.0380000      2.4782435     -0.6076949      1.7001073   -999.0000000   -999.0000000   -999.0000000
x      0.0385000      2.4579402     -0.5885990      1.6983783   -999.0000000   -999.0000000   -999.0000000
x      0.0390000      2.4952864     -0.6432251      1.7001367   -999.0000000   -999.0000000   -999.0000000
x      0.0395000      2.5312776     -0.6767959      1.6400825   -999.0000000   -999.0000000   -999.0000000
x      0.0400000      2.5142344     -0.6988805      1.7055333   -999.0000000   -999.0000000   -999.0000000
x      0.0405000      2.5591392     -0.6321326      1.7166167   -999.0000000   -999.0000000   -999.0000000
x      0.0410000      2.5445854     -0.6438528      1.7635315   -999.0000000   -999.0000000   -999.0000000
x      0.0415000      2.5006923     -0.7141442      1.7388898   -999.0000000   -999.0000000   -999.0000000
x      0.0420000      2.5053076     -0.6533953      1.7130788   -999.0000000   -999.0000000   -999.0000000
x      0.0425000      2.5136783     -0.5901852      1.7990665   -999.0000000   -999.0000000   -999.0000000
x      0.0430000      2.5354346     -0.5430378      1.7627670   -999.0000000   -999.0000000   -999.0000000
x      0.0435000      2.5850989     -0.5373267      1.8090175   -999.0000000   -999.0000000   -999.0000000
x      0.0440000      2.5692784     -0.5026897      1.8013212   -999.0000000   -999.0000000   -999.0000000
x      0.0445000      2.4620586     -0.4935693      1.7652130   -999.0000000   -999.0000000   -999.0000000
x      0.0450000      2.4334280     -0.5230686      1.8097100   -999.0000000   -999.0000000   -999.0000000
x      0.0455000      2.4272587     -0.5388079      1.8037186   -999.0000000   -999.0000000   -999.0000000
x      0.0460000      2.4632186     -0.4998650      1.8104477   -999.0000000   -999.0000000   -999.0000000
x      0.0465000      2.5035520     -0.5571783      1.8469215   -999.0000000   -999.0000000   -999.0000000
x      0.0470000      2.4948218     -0.5449772      1.9205247   -999.0000000   -999.0000000   -999.0000000
x      0.0475000      2.5025113     -0.5374366      1.9570214   -999.0000000   -999.0000000   -999.0000000
x      0.0480000      2.6083340     -0.5592047      1.9034048   -999.0000000   -999.0000000   -999.0000000
x      0.0485000      2.5647065     -0.6025110      1.9231506   -999.0000000   -999.0000000   -999.0000000
x      0.0490000      2.5110954     -0.5603737      1.8624170   -999.0000000   -999.0000000   -999.0000000
x      0.0495000      2.5108849     -0.5216983      1.8537976   -999.0000000   -999.0000000   -999.0000000
x      0.0500000      1.9403426      0.0859291      1.8287431   -999.0000000   -999.0000000   -999.0000000
x      0.0505000      1.9395998      0.0838925      1.8370845   -999.0000000   -999.0000000   -999.0000000
x      0.0510000      1.8701383      0.0624481      1.8743063   -999.0000000   -999.0000000   -999.0000000
x      0.0515000      1.9288923      0.0137172      1.8521197   -999.0000000   -999.0000000   -999.0000000
x      0.0520000      1.9096150      0.0923678      1.7886667   -999.0000000   -999.0000000   -999.0000000
x      0.0525000      1.9143322      0.0571912      1.8193005   -999.0000000   -999.0000000   -999.0000000
x      0.0530000      1.8390952      0.1015155      1.7919318   -999.0000000   -999.0000000   -999.0000000
x      0.0535000      1.8574705      0.1364181      1.7424448   -999.0000000   -999.0000000   -999.0000000
x      0.0540000      1.8123119      0.1104038      1.7737722   -999.0000000   -999.0000000   -999.0000000
x      0.0545000      1.7865358      0.0747732      1.7391673   -999.0000000   -999.0000000   -999.0000000
x      0.0550000      1.6885990     -0.0351595      1.7029502   -999.0000000   -999.0000000   -999.0000000
x      0.0555000      1.7159425      0.0380061      1.7261270   -999.0000000   -999.0000000   -999.0000000
x      0.0560000      1.7748152      0.0278689      1.7558147   -999.0000000   -999.0000000   -999.0000000
x      0.0565000      1.7097853     -0.0051168      1.7060784   -999.0000000   -999.0000000   -999.0000000
x      0.0570000      1.7179894      0.0696120      1.7154298   -999.0000000   -999.0000000   -999.0000000
x      0.0575000      1.7483246      0.0778876      1.7461826   -999.0000000   -999.0000000   -999.0000000
x      0.0580000      1.6796833      0.1424718      1.7262528   -999.0000000   -999.0000000   -999.0000000
x      0.0585000      1.5998366      0.1191133      1.7317168   -999.0000000   -999.0000000   -999.0000000
x      0.0590000      1.5892025      0.0406004      1.7253048   -999.0000000   -999.0000000   -999.0000000
x      0.0595000      1.5911658      0.0979006      1.7221918   -999.0000000   -999.0000000   -999.0000000
x      0.0600000      1.5732522      0.1160698      1.7071701   -999.0000000   -999.0000000   -999.0000000
x      0.0605000      1.5706362      0.1211577      1.6677995   -999.0000000   -999.0000000   -999.0000000
x      0.0610000      1.5327556      0.1490277      1.7184439   -999.0000000   -999.0000000   -999.0000000
x      0.0615000      1.4848326      0.0750934      1.7431602   -999.0000000   -999.0000000   -999.0000000
x      0.0620000      1.4581646      0.1081850      1.7189220   -999.0000000   -999.0000000   -999.0000000
x      0.0625000      1.4820441      0.0860745      1.6818468   -999.0000000   -999.0000000   -999.0000000
x      0.0630000      1.4558919      0.0381574      1.7033375   -999.0000000   -999.0000000   -999.0000000
x      0.0635000      1.4560342      0.0987642      1.7091521   -999.0000000   -999.0000000   -999.0000000
x      0.0640000      1.4463338      0.1007348      1.7659115   -999.0000000   -999.0000000   -999.0000000
x      0.0645000      1.4198671      0.1589068      1.7715195   -999.0000000   -999.0000000   -999.0000000
x      0.0650000      1.3993006      0.2162877      1.8610538   -999.0000000   -999.0000000   -999.0000000
x      0.0655000      1.3545209      0.2570239      1.8688647   -999.0000000   -999.0000000   -999.0000000
x      0.0660000      1.3258277      0.2628843      1.8990295   -999.0000000   -999.0000000   -999.0000000
x      0.0665000      1.3958669      0.3307651      1.8721929   -999.0000000   -999.0000000   -999.0000000
x      0.0670000      1.3731204      0.3148323      1.8715021   -999.0000000   -999.0000000   -999.0000000
x      0.0675000      1.3462441      0.1854673      1.8933077   -999.0000000   -999.0000000   -999.0000000
x      0.0680000      1.2959680      0.1361730      1.8734695   -999.0000000   -999.0000000   -999.0000000
x      0.0685000      1.2990200      0.1845025      1.8086509   -999.0000000   -999.0000000   -999.0000000
x      0.0690000      1.2410223      0.1986771      1.7408084   -999.0000000   -999.0000000   -999.0000000
x      0.0695000      1.1851651      0.1957437      1.7381831   -999.0000000   -999.0000000   -999.0000000
x      0.0700000      1.1583676      0.2074222      1.7240071   -999.0000000   -999.0000000   -999.0000000
x      0.0705000      1.1431229      0.1992641      1.6866166   -999.0000000   -999.0000000   -999.0000000
x      0.0710000      1.1941701      0.3118733      1.6638576   -999.0000000   -999.0000000   -999.0000000
x      0.0715000      1.2329970      0.2905733      1.6254160   -999.0000000   -999.0000000   -999.0000000
x      0.0720000      1.2270016      0.2682984      1.6096473   -999.0000000   -999.0000000   -999.0000000
x      0.0725000      1.2231381      0.3313175      1.6248232   -999.0000000   -999.0000000   -999.0000000
x      0.0730000      1.2429600      0.3487167      1.6448864   -999.0000000   -999.0000000   -999.0000000
x      0.0735000      1.2131291      0.3724593      1.6348903   -999.0000000   -999.0000000   -999.0000000
x      0.0740000      1.1662385      0.4022467      1.6272753   -999.0000000   -999.0000000   -999.0000000
x      0.0745000      1.1783337      0.4547878      1.6413301   -999.0000000   -999.0000000   -999.0000000
x      0.0750000      1.1774579      0.4324192      1.6326134   -999.0000000   -999.0000000   -999.0000000
x      0.0755000      1.1702499      0.4477060      1.6287990   -999.0000000   -999.0000000   -999.0000000
x      0.0760000      1.2293993      0.5341808      1.6532994   -999.0000000   -999.0000000   -999.0000000
x      0.0765000      1.2230255      0.5541287      1.5875865   -999.0000000   -999.0000000   -999.0000000
x      0.0770000      1.2428527      0.5590227      1.5757540   -999.0000000   -999.0000000   -999.0000000
x      0.0775000      1.2701202      0.6045258      1.5984184   -999.0000000   -999.0000000   -999.0000000
x      0.0780000      1.3202492      0.6315947      1.6480781   -999.0000000   -999.0000000   -999.0000000
x      0.0785000      1.3669573      0.6304410      1.6554945   -999.0000000   -999.0000000   -999.0000000
x      0.0790000      1.3659928      0.6400337      1.6810485   -999.0000000   -999.0000000   -999.0000000
x      0.0795000      1.3547715      0.5508137      1.7194182   -999.0000000   -999.0000000   -999.0000000
x      0.0800000      1.3770045      0.5076161      1.6997874   -999.0000000   -999.0000000   -999.0000000
x      0.0805000      1.2791344      0.5213632      1.7382190   -999.0000000   -999.0000000   -999.0000000
x      0.0810000      1.2728462      0.4693512      1.6984580   -999.0000000   -999.0000000   -999.0000000
x      0.0815000      1.2145318      0.5265245      1.7510541   -999.0000000   -999.0000000   -999.0000000
x      0.0820000      1.2479373      0.5180607      1.7556054   -999.0000000   -999.0000000   -999.0000000
x      0.0825000      1.2213060      0.5167217      1.7463654   -999.0000000   -999.0000000   -999.0000000
x      0.0830000      1.1175284      0.4935470      1.7514057   -999.0000000   -999.0000000   -999.0000000
x      0.0835000      1.0675362      0.5075161      1.7016902   -999.0000000   -999.0000000   -999.0000000
x      0.0840000      1.0962604      0.5668073      1.7433175   -999.0000000   -999.0000000   -999.0000000
x      0.0845000      1.1476343      0.5499919      1.7286379   -999.0000000   -999.0000000   -999.0000000
x      0.0850000      1.2137899      0.4779010      1.7011313   -999.0000000   -999.0000000   -999.0000000
x      0.0855000      1.1794063      0.4798509      1.7438778   -999.0000000   -999.0000000   -999.0000000
x      0.0860000      1.1678856      0.5368702      1.7824614   -999.0000000   -999.0000000   -999.0000000
x      0.0865000      1.2078290      0.5803342      1.8246065   -999.0000000   -999.0000000   -999.0000000
x      0.0870000      1.1962844      0.6258790      1.8300868   -999.0000000   -999.0000000   -999.0000000
x      0.0875000      1.1817856      0.7650901      1.8133771   -999.0000000   -999.0000000   -999.0000000
x      0.0880000      1.2427065      0.7968232      1.7842816   -999.0000000   -999.0000000   -999.0000000
x      0.0885000      1.2363887      0.8178119      1.7662230   -999.0000000   -999.0000000   -999.0000000
x      0.0890000      1.2373217      0.8166121      1.7660666   -999.0000000   -999.0000000   -999.0000000
x      0.0895000      1.2074471      0.8432280      1.7988539   -999.0000000   -999.0000000   -999.0000000
x      0.0900000      1.1730053      0.8247655      1.8012106   -999.0000000   -999.0000000   -999.0000000
x      0.0905000      1.2355808      0.8415083      1.7820154   -999.0000000   -999.0000000   -999.0000000
x      0.0910000      1.1743320      0.8396944      1.8771301   -999.0000000   -999.0000000   -999.0000000
x      0.0915000      1.1134979      0.8372460      1.8761175   -999.0000000   -999.0000000   -999.0000000
x      0.0920000      1.0825218      0.7796181      1.8804181   -999.0000000   -999.0000000   -999.0000000
x      0.0925000      1.0207968      0.8034176      1.9283936   -999.0000000   -999.0000000   -999.0000000
x      0.0930000      0.9906677      0.8607015      1.9207206   -999.0000000   -999.0000000   -999.0000000
x      0.0935000      1.0401929      0.8685214      1.8728826   -999.0000000   -999.0000000   -999.0000000
x      0.0940000      1.0593354      0.8544970      1.8123962   -999.0000000   -999.0000000   -999.0000000
x      0.0945000      1.1049393      0.8225312      1.8242440   -999.0000000   -999.0000000   -999.0000000
x      0.0950000      1.1102269      0.7919343      1.8612202   -999.0000000   -999.0000000   -999.0000000
x      0.0955000      0.9696495      0.7615590      1.7704981   -999.0000000   -999.0000000   -999.0000000
x      0.0960000      1.0512595      0.7041704      1.8200856   -999.0000000   -999.0000000   -999.0000000
x      0.0965000      1.0609965      0.7502301      1.8219823   -999.0000000   -999.0000000   -999.0000000
x      0.0970000      1.0005363      0.7049265      1.6987925   -999.0000000   -999.0000000   -999.0000000
x      0.0975000      1.0042463      0.8048765      1.7436225   -999.0000000   -999.0000000   -999.0000000
x      0.0980000      0.9640075      0.8495367      1.7294384   -999.0000000   -999.0000000   -999.0000000
x      0.0985000      0.9052447      0.9255900      1.7338626   -999.0000000   -999.0000000   -999.0000000
x      0.0990000      0.8850343      1.0243517      1.7483928   -999.0000000   -999.0000000   -999.0000000
x      0.0995000      0.8705386      1.1542010      1.8184561   -999.0000000   -999.0000000   -999.0000000
x      0.1000000      1.8042547      0.0108057      1.8122877   -999.0000000   -999.0000000   -999.0000000
x      0.1005000      1.7473162      0.0815156      1.8402917   -999.0000000   -999.0000000   -999.0000000
x      0.1010000      1.7025204      0.1343581      1.8286657   -999.0000000   -999.0000000   -999.0000000
x      0.1015000      1.7265332      0.2068826      1.8405375   -999.0000000   -999.0000000   -999.0000000
x      0.1020000      1.7581170      0.2380991      1.8328313   -999.0000000   -999.0000000   -999.0000000
x      0.1025000      1.7786142      0.2693489      1.9297978   -999.0000000   -999.0000000   -999.0000000
x      0.1030000      1.7505148      0.3238923      1.9063327   -999.0000000   -999.0000000   -999.0000000
x      0.1035000      1.7362917      0.3221640      1.9539459   -999.0000000   -999.0000000   -999.0000000
x      0.1040000      1.6783260      0.3266053      1.9481822   -999.0000000   -999.0000000   -999.0000000
x      0.1045000      1.7290538      0.3729301      1.8998322   -999.0000000   -999.0000000   -999.0000000
x      0.1050000      1.7413718      0.3453414      1.9840127   -999.0000000   -999.0000000   -999.0000000
x      0.1055000      1.7004386      0.3168123      1.9397049   -999.0000000   -999.0000000   -999.0000000
x      0.1060000      1.6766536      0.3785498      1.9255830   -999.0000000   -999.0000000   -999.0000000
x      0.1065000      1.6731600      0.4175843      1.9492303   -999.0000000   -999.0000000   -999.0000000
x      0.1070000      1.6213922      0.3577963      2.0535038   -999.0000000   -999.0000000   -999.0000000
x      0.1075000      1.6739989      0.3639426      2.1106067   -999.0000000   -999.0000000   -999.0000000
x      0.1080000      1.6686113      0.3289897      2.1677227   -999.0000000   -999.0000000   -999.0000000
x      0.1085000      1.6394521      0.3008758      2.1835032   -999.0000000   -999.0000000   -999.0000000
x      0.1090000      1.6784111      0.3288256      2.1971134   -999.0000000   -999.0000000   -999.0000000
x      0.1095000      1.7061396      0.3917340      2.1481464   -999.0000000   -999.0000000   -999.0000000
x      0.1100000      1.8026421      0.4355719      2.1823233   -999.0000000   -999.0000000   -999.0000000
x      0.1105000      1.7572036      0.4847429      2.2283043   -999.0000000   -999.0000000   -999.0000000
x      0.1110000      1.7516785      0.4470336      2.1663336   -999.0000000   -999.0000000   -999.0000000
x      0.1115000      1.7321459      0.4647344      2.1977339   -999.0000000   -999.0000000   -999.0000000
x      0.1120000      1.7581454      0.5140897      2.2020371   -999.0000000   -999.0000000   -999.0000000
x      0.1125000      1.8243357      0.4830390      2.1853993   -999.0000000   -999.0000000   -999.0000000
x      0.1130000      1.8870694      0.4623840      2.1862179   -999.0000000   -999.0000000   -999.0000000
x      0.1135000      1.8678209      0.4535746      2.1783114   -999.0000000   -999.0000000   -999.0000000
x      0.1140000      1.8739958      0.4856226      2.1502593   -999.0000000   -999.0000000   -999.0000000
x      0.1145000      1.8743911      0.4940606      2.0698580   -999.0000000   -999.0000000   -999.0000000
x      0.1150000      1.8634686      0.5176514      2.0811346   -999.0000000   -999.0000000   -999.0000000
x      0.1155000      1.9070594      0.4707508      2.1214806   -999.0000000   -999.0000000   -999.0000000
x      0.1160000      1.8245932      0.4215661      2.1207228   -999.0000000   -999.0000000   -999.0000000
x      0.1165000      1.8235786      0.4663010      2.1683310   -999.0000000   -999.0000000   -999.0000000
x      0.1170000      1.8813038      0.5166638      2.1342891   -999.0000000   -999.0000000   -999.0000000
x      0.1175000      1.8382717      0.5180961      2.1476836   -999.0000000   -999.0000000   -999.0000000
x      0.1180000      1.8307667      0.4877947      2.0874655   -999.0000000   -999.0000000   -999.0000000
x      0.1185000      1.8104579      0.4462855      2.1031459   -999.0000000   -999.0000000   -999.0000000
x      0.1190000      1.7806477      0.4307795      2.1120166   -999.0000000   -999.0000000   -999.0000000
x      0.1195000      1.8085644      0.4408223      2.1205020   -999.0000000   -999.0000000   -999.0000000
x      0.1200000      1.8060690      0.4795534      2.1277493   -999.0000000   -999.0000000   -999.0000000
x      0.1205000      1.7779463      0.5099167      2.1393211   -999.0000000   -999.0000000   -999.0000000
x      0.1210000      1.8226252      0.4971762      2.1331668   -999.0000000   -999.0000000   -999.0000000
x      0.1215000      1.8216682      0.4283630      2.0089034   -999.0000000   -999.0000000   -999.0000000
x      0.1220000      1.7094531      0.4338427      2.0070681   -999.0000000   -999.0000000   -999.0000000
x      0.1225000      1.6036743      0.3848991      2.0382505   -999.0000000   -999.0000000   -999.0000000
x      0.1230000      1.6273917      0.4340322      2.0956092   -999.0000000   -999.0000000   -999.0000000
x      0.1235000      1.6004790      0.4780714      2.0556152   -999.0000000   -999.0000000   -999.0000000
x      0.1240000      1.5746296      0.4320828      2.1157682   -999.0000000   -999.0000000   -999.0000000
x      0.1245000      1.5822731      0.4195349      2.1511645   -999.0000000   -999.0000000   -999.0000000
x      0.1250000      1.6425767      0.3664199      2.1687761   -999.0000000   -999.0000000   -999.0000000
x      0.1255000      1.6296474      0.3666662      2.1776433   -999.0000000   -999.0000000   -999.0000000
x      0.1260000      1.6214930      0.3356511      2.1704471   -999.0000000   -999.0000000   -999.0000000
x      0.1265000      1.5875107      0.3330201      2.0934780   -999.0000000   -999.0000000   -999.0000000
x      0.1270000      1.5413771      0.3928913      2.1797757   -999.0000000   -999.0000000   -999.0000000
x      0.1275000      1.5645881      0.3704424      2.1450066   -999.0000000   -999.0000000   -999.0000000
x      0.1280000      1.4843503      0.3992620      2.1703223   -999.0000000   -999.0000000   -999.0000000
x      0.1285000      1.4756521      0.3333256      2.1750160   -999.0000000   -999.0000000   -999.0000000
x      0.1290000      1.4592309      0.3116005      2.1888144   -999.0000000   -999.0000000   -999.0000000
x      0.1295000      1.4165986      0.2520994      2.1306169   -999.0000000   -999.0000000   -999.0000000
x      0.1300000      1.4078075      0.2227000      2.0500678   -999.0000000   -999.0000000   -999.0000000
x      0.1305000      1.4685935      0.2313664      2.0456872   -999.0000000   -999.0000000   -999.0000000
x      0.1310000      1.3862261      0.2353018      2.0319881   -999.0000000   -999.0000000   -999.0000000
x      0.1315000      1.3754429      0.2583271      2.0434303   -999.0000000   -999.0000000   -999.0000000
x      0.1320000      1.2875783      0.3166657      2.1027168   -999.0000000   -999.0000000   -999.0000000
x      0.1325000      1.3157536      0.3617196      2.2001995   -999.0000000   -999.0000000   -999.0000000
x      0.1330000      1.2842204      0.3123941      2.1843618   -999.0000000   -999.0000000   -999.0000000
x      0.1335000      1.2788449      0.3660535      2.1957629   -999.0000000   -999.0000000   -999.0000000
x      0.1340000      1.2204211      0.4328976      2.1203115   -999.0000000   -999.0000000   -999.0000000
x      0.1345000      1.1930177      0.3792898      2.1512493   -999.0000000   -999.0000000   -999.0000000
x      0.1350000      1.1985385      0.4204755      2.1850966   -999.0000000   -999.0000000   -999.0000000
x      0.1355000      1.2043969      0.4096415      2.1572486   -999.0000000   -999.0000000   -999.0000000
x      0.1360000      1.1776485      0.4195059      2.1198182   -999.0000000   -999.0000000   -999.0000000
x      0.1365000      1.1495630      0.4584774      2.1340745   -999.0000000   -999.0000000   -999.0000000
x      0.1370000      1.0589531      0.5035986      2.1037737   -999.0000000   -999.0000000   -999.0000000
x      0.1375000      0.9895017      0.5278935      2.1454866   -999.0000000   -999.0000000   -999.0000000
x      0.1380000      0.9473111      0.5769222      2.1297385   -999.0000000   -999.0000000   -999.0000000
x      0.1385000      0.9228808      0.5514150      2.1603965   -999.0000000   -999.0000000   -999.0000000
x      0.1390000      1.0003910      0.4731238      2.1903203   -999.0000000   -999.0000000   -999.0000000
x      0.1395000      1.0360711      0.4854220      2.1820649   -999.0000000   -999.0000000   -999.0000000
x      0.1400000      1.0741234      0.5106753      2.1979891   -999.0000000   -999.0000000   -999.0000000
x      0.1405000      1.0042935      0.4782149      2.2299158   -999.0000000   -999.0000000   -999.0000000
x      0.1410000      1.0265755      0.4744760      2.2247091   -999.0000000   -999.0000000   -999.0000000
x      0.1415000      1.0653654      0.4336333      2.1992102   -999.0000000   -999.0000000   -999.0000000
x      0.1420000      1.0718190      0.4508887      2.0675197   -999.0000000   -999.0000000   -999.0000000
x      0.1425000      1.0131654      0.4524612      2.0783716   -999.0000000   -999.0000000   -999.0000000
x      0.1430000      1.0704528      0.4205130      2.0307696   -999.0000000   -999.0000000   -999.0000000
x      0.1435000      0.9948533      0.3433472      1.9225685   -999.0000000   -999.0000000   -999.0000000
x      0.1440000      1.0295433      0.3518418      1.8885258   -999.0000000   -999.0000000   -999.0000000
x      0.1445000      1.0102518      0.3332646      1.8116398   -999.0000000   -999.0000000   -999.0000000
x      0.1450000      0.9783473      0.2834052      1.8033386   -999.0000000   -999.0000000   -999.0000000
x      0.1455000      0.9551273      0.2416649      1.8083780   -999.0000000   -999.0000000   -999.0000000
x      0.1460000      0.9185815      0.2908651      1.8432289   -999.0000000   -999.0000000   -999.0000000
x      0.1465000      0.8799417      0.2343574      1.8078086   -999.0000000   -999.0000000   -999.0000000
x      0.1470000      0.9407959      0.1868416      1.7557106   -999.0000000   -999.0000000   -999.0000000
x      0.1475000      0.9001357      0.2166024      1.7458156   -999.0000000   -999.0000000   -999.0000000
x      0.1480000      0.9224130      0.2379102      1.6900088   -999.0000000   -999.0000000   -999.0000000
x      0.1485000      0.9352250      0.2560038      1.6291435   -999.0000000   -999.0000000   -999.0000000
x      0.1490000      0.9788414      0.2827378      1.6258195   -999.0000000   -999.0000000   -999.0000000
x      0.1495000      0.9601755      0.3308824      1.7298192   -999.0000000   -999.0000000   -999.0000000
x      0.1500000      1.6040798      0.3853891      1.4442413   -999.0000000   -999.0000000   -999.0000000
x      0.1505000      1.5925229      0.3801572      1.4058754   -999.0000000   -999.0000000   -999.0000000
x      0.1510000      1.5899039      0.3747267      1.4091107   -999.0000000   -999.0000000   -999.0000000
x      0.1515000      1.5733867      0.3108357      1.4739590   -999.0000000   -999.0000000   -999.0000000
x      0.1520000      1.6011300      0.3061021      1.4570257   -999.0000000   -999.0000000   -999.0000000
x      0.1525000      1.6439972      0.1828628      1.4135825   -999.0000000   -999.0000000   -999.0000000
x      0.1530000      1.6150728      0.2399694      1.3898767   -999.0000000   -999.0000000   -999.0000000
x      0.1535000      1.6556340      0.2264618      1.4257638   -999.0000000   -999.0000000   -999.0000000
x      0.1540000      1.6708776      0.2155775      1.4042000   -999.0000000   -999.0000000   -999.0000000
x      0.1545000      1.7357834      0.2663820      1.4078695   -999.0000000   -999.0000000   -999.0000000
x      0.1550000      1.7215352      0.2061830      1.4262655   -999.0000000   -999.0000000   -999.0000000
x      0.1555000      1.7957404      0.2480803      1.4619055   -999.0000000   -999.0000000   -999.0000000
x      0.1560000      1.8468710      0.1708317      1.5251616   -999.0000000   -999.0000000   -999.0000000
x      0.1565000      1.9025447      0.1870118      1.5409030   -999.0000000   -999.0000000   -999.0000000
x      0.1570000      1.8680357      0.2668931      1.5637364   -999.0000000   -999.0000000   -999.0000000
x      0.1575000      1.8610636      0.2539614      1.5187376   -999.0000000   -999.0000000   -999.0000000
x      0.1580000      1.8675736      0.2945468      1.6145625   -999.0000000   -999.0000000   -999.0000000
x      0.1585000      1.8018437      0.3607930      1.6185561   -999.0000000   -999.0000000   -999.0000000
x      0.1590000      1.7875911      0.3872978      1.5262984   -999.0000000   -999.0000000   -999.0000000
x      0.1595000      1.7167349      0.4568586      1.5713871   -999.0000000   -999.0000000   -999.0000000
x      0.1600000      1.6969680      0.4939188      1.5717375   -999.0000000   -999.0000000   -999.0000000
x      0.1605000      1.7764118      0.4916830      1.5637965   -999.0000000   -999.0000000   -999.0000000
x      0.1610000      1.8304318      0.4514128      1.4627861   -999.0000000   -999.0000000   -999.0000000
x      0.1615000      1.8342113      0.5184808      1.4450598   -999.0000000   -999.0000000   -999.0000000
x      0.1620000      1.8241838      0.4928750      1.3896930   -999.0000000   -999.0000000   -999.0000000
x      0.1625000      1.7957532      0.4850874      1.4765706   -999.0000000   -999.0000000   -999.0000000
x      0.1630000      1.8401830      0.4692528      1.5309261   -999.0000000   -999.0000000   -999.0000000
x      0.1635000      1.8006772      0.5321810      1.5049117   -999.0000000   -999.0000000   -999.0000000
x      0.1640000      1.8078644      0.5688221      1.5454330   -999.0000000   -999.0000000   -999.0000000
x      0.1645000      1.8291053      0.6174202      1.5588203   -999.0000000   -999.0000000   -999.0000000
x      0.1650000      1.7774986      0.5752956      1.4749231   -999.0000000   -999.0000000   -999.0000000
x      0.1655000      1.8243822      0.4805137      1.5265520   -999.0000000   -999.0000000   -999.0000000
x      0.1660000      1.8186135      0.4554415      1.5215967   -999.0000000   -999.0000000   -999.0000000
x      0.1665000      1.7221191      0.4185626      1.4922988   -999.0000000   -999.0000000   -999.0000000
x      0.1670000      1.6433735      0.3923911      1.4354414   -999.0000000   -999.0000000   -999.0000000
x      0.1675000      1.5679503      0.4306427      1.4407925   -999.0000000   -999.0000000   -999.0000000
x      0.1680000      1.6459419      0.4863336      1.4922018   -999.0000000   -999.0000000   -999.0000000
x      0.1685000      1.6592480      0.3956530      1.4970575   -999.0000000   -999.0000000   -999.0000000
x      0.1690000      1.6514692      0.3814883      1.4576551   -999.0000000   -999.0000000   -999.0000000
x      0.1695000      1.6550513      0.4092453      1.4829036   -999.0000000   -999.0000000   -999.0000000
x      0.1700000      1.5701176      0.3204504      1.5044815   -999.0000000   -999.0000000   -999.0000000
x      0.1705000      1.5514534      0.2838317      1.5429373   -999.0000000   -999.0000000   -999.0000000
x      0.1710000      1.4943705      0.1618449      1.5141947   -999.0000000   -999.0000000   -999.0000000
x      0.1715000      1.5500099      0.1379911      1.4251490   -999.0000000   -999.0000000   -999.0000000
x      0.1720000      1.5160087      0.1914399      1.3884779   -999.0000000   -999.0000000   -999.0000000
x      0.1725000      1.4089022      0.1946214      1.4258222   -999.0000000   -999.0000000   -999.0000000
x      0.1730000      1.4271888      0.2061709      1.4162779   -999.0000000   -999.0000000   -999.0000000
x      0.1735000      1.4830027      0.2463896      1.4187532   -999.0000000   -999.0000000   -999.0000000
x      0.1740000      1.4020270      0.2383075      1.4171513   -999.0000000   -999.0000000   -999.0000000
x      0.1745000      1.3881611      0.2236548      1.4080895   -999.0000000   -999.0000000   -999.0000000
x      0.1750000      1.3712157      0.2752639      1.4000901   -999.0000000   -999.0000000   -999.0000000
x      0.1755000      1.3457099      0.3354356      1.4194454   -999.0000000   -999.0000000   -999.0000000
x      0.1760000      1.3089524      0.3121556      1.4286574   -999.0000000   -999.0000000   -999.0000000
x      0.1765000      1.2929040      0.4331600      1.4002643   -999.0000000   -999.0000000   -999.0000000
x      0.1770000      1.3335241      0.4402391      1.4749379   -999.0000000   -999.0000000   -999.0000000
x      0.1775000      1.3636858      0.4282505      1.4982541   -999.0000000   -999.0000000   -999.0000000
x      0.1780000      1.3417923      0.4116708      1.3971303   -999.0000000   -999.0000000   -999.0000000
x      0.1785000      1.3384559      0.4320413      1.4708132   -999.0000000   -999.0000000   -999.0000000
x      0.1790000      1.3294622      0.4197687      1.4896344   -999.0000000   -999.0000000   -999.0000000
x      0.1795000      1.3123005      0.4210713      1.5178275   -999.0000000   -999.0000000   -999.0000000
x      0.1800000      1.1960424      0.4473590      1.4907303   -999.0000000   -999.0000000   -999.0000000
x      0.1805000      1.2123575      0.3959131      1.4529994   -999.0000000   -999.0000000   -999.0000000
x      0.1810000      1.1942440      0.4350497      1.4359285   -999.0000000   -999.0000000   -999.0000000
x      0.1815000      1.3010490      0.4477436      1.4440902   -999.0000000   -999.0000000   -999.0000000
x      0.1820000      1.2516349      0.3596864      1.4287826   -999.0000000   -999.0000000   -999.0000000
x      0.1825000      1.1977352      0.2944225      1.4971404   -999.0000000   -999.0000000   -999.0000000
x      0.1830000      1.1439624      0.2384422      1.4706628   -999.0000000   -999.0000000   -999.0000000
x      0.1835000      1.2031670      0.2122120      1.4411157   -999.0000000   -999.0000000   -999.0000000
x      0.1840000      1.1810735      0.2210787      1.4284077   -999.0000000   -999.0000000   -999.0000000
x      0.1845000      1.2002706      0.1656192      1.4345560   -999.0000000   -999.0000000   -999.0000000
x      0.1850000      1.2004703      0.1351987      1.3256809   -999.0000000   -999.0000000   -999.0000000
x      0.1855000      1.1207022      0.1440334      1.3646887   -999.0000000   -999.0000000   -999.0000000
x      0.1860000      1.0910943      0.2033608      1.2747148   -999.0000000   -999.0000000   -999.0000000
x      0.1865000      1.0787143      0.2401579      1.2471561   -999.0000000   -999.0000000   -999.0000000
x      0.1870000      1.0434937      0.2489289      1.2868640   -999.0000000   -999.0000000   -999.0000000
x      0.1875000      1.0009042      0.2400493      1.2375904   -999.0000000   -999.0000000   -999.0000000
x      0.1880000      0.9908141      0.2734373      1.2398271   -999.0000000   -999.0000000   -999.0000000
x      0.1885000      0.9477936      0.2626478      1.2224207   -999.0000000   -999.0000000   -999.0000000
x      0.1890000      0.9992072      0.3315773      1.2327286   -999.0000000   -999.0000000   -999.0000000
x      0.1895000      1.0537729      0.3849216      1.1854017   -999.0000000   -999.0000000   -999.0000000
x      0.1900000      1.0841247      0.4032340      1.1481845   -999.0000000   -999.0000000   -999.0000000
x      0.1905000      1.0914148      0.4109940      1.1570914   -999.0000000   -999.0000000   -999.0000000
x      0.1910000      1.0731866      0.4260909      1.1028381   -999.0000000   -999.0000000   -999.0000000
x      0.1915000      1.1058600      0.5296736      1.0420858   -999.0000000   -999.0000000   -999.0000000
x      0.1920000      1.1073319      0.5593035      0.9906223   -999.0000000   -999.0000000   -999.0000000
x      0.1925000      1.1896019      0.6007048      1.0079298   -999.0000000   -999.0000000   -999.0000000
x      0.1930000      1.1910316      0.6302072      0.9680657   -999.0000000   -999.0000000   -999.0000000
x      0.1935000      1.1807885      0.6283417      0.8956850   -999.0000000   -999.0000000   -999.0000000
x      0.1940000      1.1744901      0.5627534      0.8856098   -999.0000000   -999.0000000   -999.0000000
x      0.1945000      1.0903967      0.5799642      0.9177170   -999.0000000   -999.0000000   -999.0000000
x      0.1950000      1.0765804      0.5949133      0.9188679   -999.0000000   -999.0000000   -999.0000000
x      0.1955000      1.0326438      0.6070853      0.8874625   -999.0000000   -999.0000000   -999.0000000
x      0.1960000      1.0270956      0.6694019      0.9139492   -999.0000000   -999.0000000   -999.0000000
x      0.1965000      1.0502713      0.6724031      0.8350478   -999.0000000   -999.0000000   -999.0000000
x      0.1970000      1.1254310      0.7194035      0.8182584   -999.0000000   -999.0000000   -999.0000000
x      0.1975000      1.0680234      0.6988243      0.7955141   -999.0000000   -999.0000000   -999.0000000
x      0.1980000      1.0149438      0.7397089      0.8423264   -999.0000000   -999.0000000   -999.0000000
x      0.1985000      1.0555023      0.7326159      0.8012874   -999.0000000   -999.0000000   -999.0000000
x      0.1990000      1.0673609      0.7674142      0.8182054   -999.0000000   -999.0000000   -999.0000000
x      0.1995000      1.1181676      0.7828712      0.8984883   -999.0000000   -999.0000000   -999.0000000
x      0.2000000      1.6434574     -0.0504697      1.3400634   -999.0000000   -999.0000000   -999.0000000
x      0.2005000      1.6373809     -0.1197088      1.3041713   -999.0000000   -999.0000000   -999.0000000
x      0.2010000      1.5045815     -0.1583728      1.2815795   -999.0000000   -999.0000000   -999.0000000
x      0.2015000      1.4664198     -0.2365902      1.2235124   -999.0000000   -999.0000000   -999.0000000
x      0.2020000      1.5280171     -0.1895991      1.2710258   -999.0000000   -999.0000000   -999.0000000
x      0.2025000      1.5530517     -0.1889806      1.3064668   -999.0000000   -999.0000000   -999.0000000
x      0.2030000      1.6027405     -0.1814784      1.3264605   -999.0000000   -999.0000000   -999.0000000
x      0.2035000      1.6108559     -0.1832282      1.2639307   -999.0000000   -999.0000000   -999.0000000
x      0.2040000      1.5928039     -0.1734661      1.2620050   -999.0000000   -999.0000000   -999.0000000
x      0.2045000      1.5333433     -0.2762292      1.2253021   -999.0000000   -999.0000000   -999.0000000
x      0.2050000      1.5529139     -0.3173702      1.2431815   -999.0000000   -999.0000000   -999.0000000
x      0.2055000      1.5467313     -0.2960179      1.2262097   -999.0000000   -999.0000000   -999.0000000
x      0.2060000      1.5144256     -0.2460232      1.1276871   -999.0000000   -999.0000000   -999.0000000
x      0.2065000      1.4822979     -0.2962717      1.1695708   -999.0000000   -999.0000000   -999.0000000
x      0.2070000      1.4559610     -0.3489970      1.2183884   -999.0000000   -999.0000000   -999.0000000
x      0.2075000      1.5192178     -0.2269903      1.1824858   -999.0000000   -999.0000000   -999.0000000
x      0.2080000      1.4639600     -0.1492880      1.1788756   -999.0000000   -999.0000000   -999.0000000
x      0.2085000      1.4412693     -0.1545882      1.1210911   -999.0000000   -999.0000000   -999.0000000
x      0.2090000      1.4483101     -0.0866085      1.1005702   -999.0000000   -999.0000000   -999.0000000
x      0.2095000      1.4665429     -0.0627677      1.1103875   -999.0000000   -999.0000000   -999.0000000
x      0.2100000      1.4616193     -0.0965361      1.1755959   -999.0000000   -999.0000000   -999.0000000
x      0.2105000      1.4579545     -0.0847132      1.2692689   -999.0000000   -999.0000000   -999.0000000
x      0.2110000      1.4483173     -0.1393338      1.2456956   -999.0000000   -999.0000000   -999.0000000
x      0.2115000      1.5000296     -0.1681299      1.2830438   -999.0000000   -999.0000000   -999.0000000
x      0.2120000      1.5443856     -0.1339816      1.2611316   -999.0000000   -999.0000000   -999.0000000
x      0.2125000      1.4967998     -0.1463523      1.2870909   -999.0000000   -999.0000000   -999.0000000
x      0.2130000      1.4791943     -0.1626697      1.3129631   -999.0000000   -999.0000000   -999.0000000
x      0.2135000      1.4928093     -0.2449765      1.2175366   -999.0000000   -999.0000000   -999.0000000
x      0.2140000      1.4581886     -0.2379398      1.3059559   -999.0000000   -999.0000000   -999.0000000
x      0.2145000      1.5189088     -0.1890257      1.2783194   -999.0000000   -999.0000000   -999.0000000
x      0.2150000      1.5329990     -0.1467047      1.2370874   -999.0000000   -999.0000000   -999.0000000
x      0.2155000      1.5512799     -0.0922477      1.2479895   -999.0000000   -999.0000000   -999.0000000
x      0.2160000      1.5973338     -0.1516942      1.3132163   -999.0000000   -999.0000000   -999.0000000
x      0.2165000      1.6669863     -0.1696930      1.3204261   -999.0000000   -999.0000000   -999.0000000
x      0.2170000      1.6341365     -0.1428551      1.2633272   -999.0000000   -999.0000000   -999.0000000
x      0.2175000      1.6088629     -0.0318403      1.3208309   -999.0000000   -999.0000000   -999.0000000
x      0.2180000      1.5872452     -0.0230930      1.3680863   -999.0000000   -999.0000000   -999.0000000
x      0.2185000      1.6137114     -0.0197204      1.3248227   -999.0000000   -999.0000000   -999.0000000
x      0.2190000      1.5942010     -0.0226434      1.3150050   -999.0000000   -999.0000000   -999.0000000
x      0.2195000      1.5424282     -0.0828380      1.3528682   -999.0000000   -999.0000000   -999.0000000
x      0.2200000      1.4975025     -0.1227949      1.3458719   -999.0000000   -999.0000000   -999.0000000
x      0.2205000      1.5066994     -0.1239328      1.4345675   -999.0000000   -999.0000000   -999.0000000
x      0.2210000      1.4960641     -0.1542812      1.4241346   -999.0000000   -999.0000000   -999.0000000
x      0.2215000      1.4985910     -0.1929804      1.4809578   -999.0000000   -999.0000000   -999.0000000
x      0.2220000      1.4440871     -0.0869237      1.4664023   -999.0000000   -999.0000000   -999.0000000
x      0.2225000      1.5259458     -0.0381249      1.5346979   -999.0000000   -999.0000000   -999.0000000
x      0.2230000      1.4871958      0.0202741      1.5045102   -999.0000000   -999.0000000   -999.0000000
x      0.2235000      1.5246321      0.0167154      1.5877074   -999.0000000   -999.0000000   -999.0000000
x      0.2240000      1.5014389     -0.1100318      1.5864035   -999.0000000   -999.0000000   -999.0000000
x      0.2245000      1.5159290     -0.0403621      1.5522492   -999.0000000   -999.0000000   -999.0000000
x      0.2250000      1.5178472     -0.0964674      1.5418524   -999.0000000   -999.0000000   -999.0000000
x      0.2255000      1.5329943     -0.1023033      1.5510604   -999.0000000   -999.0000000   -999.0000000
x      0.2260000      1.5738424     -0.1572997      1.6450787   -999.0000000   -999.0000000   -999.0000000
x      0.2265000      1.5860740     -0.1209250      1.6610570   -999.0000000   -999.0000000   -999.0000000
x      0.2270000      1.6024731     -0.1110549      1.7235674   -999.0000000   -999.0000000   -999.0000000
x      0.2275000      1.6253195     -0.1253656      1.7102898   -999.0000000   -999.0000000   -999.0000000
x      0.2280000      1.6689810     -0.0918168      1.7614882   -999.0000000   -999.0000000   -999.0000000
x      0.2285000      1.6510308     -0.0977715      1.8095311   -999.0000000   -999.0000000   -999.0000000
x      0.2290000      1.6289272     -0.1052639      1.8018763   -999.0000000   -999.0000000   -999.0000000
x      0.2295000      1.5388776     -0.0139109      1.7575641   -999.0000000   -999.0000000   -999.0000000
x      0.2300000      1.5205745     -0.0663472      1.7147406   -999.0000000   -999.0000000   -999.0000000
x      0.2305000      1.5076522      0.0407360      1.6778360   -999.0000000   -999.0000000   -999.0000000
x      0.2310000      1.5382249      0.0423350      1.6696535   -999.0000000   -999.0000000   -999.0000000
x      0.2315000      1.5209026     -0.0031934      1.6324297   -999.0000000   -999.0000000   -999.0000000
x      0.2320000      1.5642517     -0.0514012      1.6004096   -999.0000000   -999.0000000   -999.0000000
x      0.2325000      1.6436179     -0.0842414      1.6536636   -999.0000000   -999.0000000   -999.0000000
x      0.2330000      1.7399834     -0.0779183      1.7518181   -999.0000000   -999.0000000   -999.0000000
x      0.2335000      1.7387555     -0.1179074      1.7284155   -999.0000000   -999.0000000   -999.0000000
x      0.2340000      1.7801058     -0.0808017      1.7565265   -999.0000000   -999.0000000   -999.0000000
x      0.2345000      1.8128931     -0.0879031      1.6862012   -999.0000000   -999.0000000   -999.0000000
x      0.2350000      1.7663146     -0.0991562      1.7150278   -999.0000000   -999.0000000   -999.0000000
x      0.2355000      1.7208282     -0.0980212      1.7629211   -999.0000000   -999.0000000   -999.0000000
x      0.2360000      1.7375682     -0.1086111      1.8236363   -999.0000000   -999.0000000   -999.0000000
x      0.2365000      1.7646725     -0.1641592      1.8614050   -999.0000000   -999.0000000   -999.0000000
x      0.2370000      1.7417522     -0.1118889      1.8965964   -999.0000000   -999.0000000   -999.0000000
x      0.2375000      1.7180764     -0.1446559      1.9017146   -999.0000000   -999.0000000   -999.0000000
x      0.2380000      1.7553941     -0.0976492      1.9053853   -999.0000000   -999.0000000   -999.0000000
x      0.2385000      1.7991349     -0.0448568      1.8582629   -999.0000000   -999.0000000   -999.0000000
x      0.2390000      1.7558294     -0.0761869      1.8275076   -999.0000000   -999.0000000   -999.0000000
x      0.2395000      1.8145493     -0.1171202      1.6876161   -999.0000000   -999.0000000   -999.0000000
x      0.2400000      1.7814434     -0.1231449      1.6548914   -999.0000000   -999.0000000   -999.0000000
x      0.2405000      1.7625590     -0.1407918      1.6687362   -999.0000000   -999.0000000   -999.0000000
x      0.2410000      1.8077307     -0.2149759      1.6360254   -999.0000000   -999.0000000   -999.0000000
x      0.2415000      1.9026292     -0.2049327      1.6657798   -999.0000000   -999.0000000   -999.0000000
x      0.2420000      1.8667290     -0.2197927      1.6541471   -999.0000000   -999.0000000   -999.0000000
x      0.2425000      1.8589660     -0.2474400      1.6404337   -999.0000000   -999.0000000   -999.0000000
x      0.2430000      1.8108726     -0.2607348      1.6010734   -999.0000000   -999.0000000   -999.0000000
x      0.2435000      1.8241981     -0.3102637      1.6066953   -999.0000000   -999.0000000   -999.0000000
x      0.2440000      1.8632868     -0.2479659      1.6396154   -999.0000000   -999.0000000   -999.0000000
x      0.2445000      1.8027592     -0.2102554      1.6302747   -999.0000000   -999.0000000   -999.0000000
x      0.2450000      1.7259005     -0.1911701      1.6822692   -999.0000000   -999.0000000   -999.0000000
x      0.2455000      1.7472053     -0.2284081      1.7249552   -999.0000000   -999.0000000   -999.0000000
x      0.2460000      1.6365009     -0.2470359      1.7278996   -999.0000000   -999.0000000   -999.0000000
x      0.2465000      1.6377690     -0.1723505      1.7298918   -999.0000000   -999.0000000   -999.0000000
x      0.2470000      1.6651505     -0.1636640      1.6907149   -999.0000000   -999.0000000   -999.0000000
x      0.2475000      1.6563368     -0.0993995      1.6401896   -999.0000000   -999.0000000   -999.0000000
x      0.2480000      1.6751011     -0.1125015      1.6418690   -999.0000000   -999.0000000   -999.0000000
x      0.2485000      1.6083475     -0.0535026      1.5950197   -999.0000000   -999.0000000   -999.0000000
x      0.2490000      1.6510804      0.0319540      1.5257037   -999.0000000   -999.0000000   -999.0000000
x      0.2495000      1.7067825      0.0724565      1.5731423   -999.0000000   -999.0000000   -999.0000000
x      0.2500000      1.7288065      0.4379684      1.5053948   -999.0000000   -999.0000000   -999.0000000
x      0.2505000      1.8003524      0.4558346      1.5503803   -999.0000000   -999.0000000   -999.0000000
x      0.2510000      1.7988466      0.3955846      1.4951974   -999.0000000   -999.0000000   -999.0000000
x      0.2515000      1.8345491      0.4407467      1.5059656   -999.0000000   -999.0000000   -999.0000000
x      0.2520000      1.8184701      0.3379716      1.4634122   -999.0000000   -999.0000000   -999.0000000
x      0.2525000      1.8380815      0.3344011      1.4628654   -999.0000000   -999.0000000   -999.0000000
x      0.2530000      1.8624879      0.2869129      1.4753814   -999.0000000   -999.0000000   -999.0000000
x      0.2535000      1.8497723      0.2028643      1.4671855   -999.0000000   -999.0000000   -999.0000000
x      0.2540000      1.8648028      0.2467053      1.4429535   -999.0000000   -999.0000000   -999.0000000
x      0.2545000      1.8947078      0.2464894      1.3981549   -999.0000000   -999.0000000   -999.0000000
x      0.2550000      1.8092790      0.2607677      1.4028732   -999.0000000   -999.0000000   -999.0000000
x      0.2555000      1.8544592      0.2485304      1.4154640   -999.0000000   -999.0000000   -999.0000000
x      0.2560000      1.8451369      0.2222258      1.3896668   -999.0000000   -999.0000000   -999.0000000
x      0.2565000      1.8858671      0.2519680      1.3163135   -999.0000000   -999.0000000   -999.0000000
x      0.2570000      1.9645626      0.2737060      1.2988394   -999.0000000   -999.0000000   -999.0000000
x      0.2575000      2.0056936      0.1945575      1.2953495   -999.0000000   -999.0000000   -999.0000000
x      0.2580000      1.9624307      0.2209781      1.2689248   -999.0000000   -999.0000000   -999.0000000
x      0.2585000      1.9707155      0.2788126      1.2854536   -999.0000000   -999.0000000   -999.0000000
x      0.2590000      1.9693682      0.2803641      1.2491514   -999.0000000   -999.0000000   -999.0000000
x      0.2595000      1.9737062      0.2544253      1.2680203   -999.0000000   -999.0000000   -999.0000000
x      0.2600000      1.9027867      0.2828730      1.2424619   -999.0000000   -999.0000000   -999.0000000
x      0.2605000      1.8509574      0.2986562      1.2651429   -999.0000000   -999.0000000   -999.0000000
x      0.2610000      1.7941052      0.3619210      1.2845040   -999.0000000   -999.0000000   -999.0000000
x      0.2615000      1.8226527      0.3728810      1.2932482   -999.0000000   -999.0000000   -999.0000000
x      0.2620000      1.8235520      0.3966845      1.3195729   -999.0000000   -999.0000000   -999.0000000
x      0.2625000      1.7719203      0.3690865      1.3843864   -999.0000000   -999.0000000   -999.0000000
x      0.2630000      1.6842212      0.3300227      1.4344244   -999.0000000   -999.0000000   -999.0000000
x      0.2635000      1.7055286      0.2756685      1.4724495   -999.0000000   -999.0000000   -999.0000000
x      0.2640000      1.6648006      0.2247013      1.5429871   -999.0000000   -999.0000000   -999.0000000
x      0.2645000      1.6070296      0.2740199      1.5584673   -999.0000000   -999.0000000   -999.0000000
x      0.2650000      1.6104753      0.3110618      1.5176983   -999.0000000   -999.0000000   -999.0000000
x      0.2655000      1.6548831      0.3124712      1.5056240   -999.0000000   -999.0000000   -999.0000000
x      0.2660000      1.5897303      0.2552258      1.4985065   -999.0000000   -999.0000000   -999.0000000
x      0.2665000      1.6083690      0.1896009      1.5085706   -999.0000000   -999.0000000   -999.0000000
x      0.2670000      1.5876961      0.1884618      1.5550119   -999.0000000   -999.0000000   -999.0000000
x      0.2675000      1.7063955      0.2160709      1.5626021   -999.0000000   -999.0000000   -999.0000000
x      0.2680000      1.7375038      0.2166336      1.5698309   -999.0000000   -999.0000000   -999.0000000
x      0.2685000      1.8079560      0.2306065      1.6033602   -999.0000000   -999.0000000   -999.0000000
x      0.2690000      1.8703886      0.2341060      1.5880622   -999.0000000   -999.0000000   -999.0000000
x      0.2695000      1.8448537      0.2748540      1.5902154   -999.0000000   -999.0000000   -999.0000000
x      0.2700000      1.9267855      0.2882002      1.5547219   -999.0000000   -999.0000000   -999.0000000
x      0.2705000      1.9548293      0.3311648      1.4860815   -999.0000000   -999.0000000   -999.0000000
x      0.2710000      1.9161901      0.3445391      1.4492432   -999.0000000   -999.0000000   -999.0000000
x      0.2715000      1.9292521      0.3636161      1.4533678   -999.0000000   -999.0000000   -999.0000000
x      0.2720000      1.9053913      0.3137169      1.4129055   -999.0000000   -999.0000000   -999.0000000
x      0.2725000      1.8682931      0.3719957      1.4184727   -999.0000000   -999.0000000   -999.0000000
x      0.2730000      1.8883116      0.3275059      1.4356342   -999.0000000   -999.0000000   -999.0000000
x      0.2735000      1.8205997      0.4189333      1.5051931   -999.0000000   -999.0000000   -999.0000000
x      0.2740000      1.8598434      0.4611232      1.4033346   -999.0000000   -999.0000000   -999.0000000
x      0.2745000      1.8495532      0.4450437      1.3198888   -999.0000000   -999.0000000   -999.0000000
x      0.2750000      1.8654605      0.5010538      1.3743544   -999.0000000   -999.0000000   -999.0000000
x      0.2755000      1.9600606      0.4750956      1.4466874   -999.0000000   -999.0000000   -999.0000000
x      0.2760000      1.9425234      0.5691680      1.4452528   -999.0000000   -999.0000000   -999.0000000
x      0.2765000      1.9776025      0.6158182      1.4535228   -999.0000000   -999.0000000   -999.0000000
x      0.2770000      1.9585704      0.6574018      1.4737575   -999.0000000   -999.0000000   -999.0000000
x      0.2775000      1.9133163      0.6459146      1.4831733   -999.0000000   -999.0000000   -999.0000000
x      0.2780000      1.8686687      0.7052863      1.5503170   -999.0000000   -999.0000000   -999.0000000
x      0.2785000      1.8060540      0.7284992      1.5025108   -999.0000000   -999.0000000   -999.0000000
x      0.2790000      1.7875604      0.7277175      1.5518249   -999.0000000   -999.0000000   -999.0000000
x      0.2795000      1.7381129      0.7821437      1.5195619   -999.0000000   -999.0000000   -999.0000000
x      0.2800000      1.7604166      0.8402476      1.6123282   -999.0000000   -999.0000000   -999.0000000
x      0.2805000      1.7721081      0.9050964      1.5452312   -999.0000000   -999.0000000   -999.0000000
x      0.2810000      1.8585564      0.9735186      1.6016295   -999.0000000   -999.0000000   -999.0000000
x      0.2815000      1.9007930      1.0539506      1.6195031   -999.0000000   -999.0000000   -999.0000000
x      0.2820000      1.9081432      1.0529876      1.6629187   -999.0000000   -999.0000000   -999.0000000
x      0.2825000      1.8494237      1.0095470      1.6387057   -999.0000000   -999.0000000   -999.0000000
x      0.2830000      1.8710357      0.9296831      1.7086139   -999.0000000   -999.0000000   -999.0000000
x      0.2835000      1.8318845      0.9808753      1.7732333   -999.0000000   -999.0000000   -999.0000000
x      0.2840000      1.8062675      0.9978765      1.6812742   -999.0000000   -999.0000000   -999.0000000
x      0.2845000      1.7645030      1.0670555      1.6749812   -999.0000000   -999.0000000   -999.0000000
x      0.2850000      1.7331145      1.0043615      1.6492289   -999.0000000   -999.0000000   -999.0000000
x      0.2855000      1.7091222      0.9882350      1.5607321   -999.0000000   -999.0000000   -999.0000000
x      0.2860000      1.7548587      0.9852038      1.5110680   -999.0000000   -999.0000000   -999.0000000
x      0.2865000      1.7866075      1.0634516      1.4955765   -999.0000000   -999.0000000   -999.0000000
x      0.2870000      1.8131995      1.0790869      1.4399831   -999.0000000   -999.0000000   -999.0000000
x      0.2875000      1.7657069      0.9914815      1.4251032   -999.0000000   -999.0000000   -999.0000000
x      0.2880000      1.7819791      0.9822854      1.3706909   -999.0000000   -999.0000000   -999.0000000
x      0.2885000      1.7849924      0.9390330      1.4489979   -999.0000000   -999.0000000   -999.0000000
x      0.2890000      1.8119723      0.8317723      1.5442566   -999.0000000   -999.0000000   -999.0000000
x      0.2895000      1.7532300      0.7717864      1.5502981   -999.0000000   -999.0000000   -999.0000000
x      0.2900000      1.8166587      0.7542010      1.4729413   -999.0000000   -999.0000000   -999.0000000
x      0.2905000      1.8442663      0.7076461      1.5482325   -999.0000000   -999.0000000   -999.0000000
x      0.2910000      1.7992233      0.6556108      1.5919891   -999.0000000   -999.0000000   -999.0000000
x      0.2915000      1.8572491      0.6438265      1.6617066   -999.0000000   -999.0000000   -999.0000000
x      0.2920000      1.7999365      0.6116380      1.6904458   -999.0000000   -999.0000000   -999.0000000
x      0.2925000      1.7941469      0.6618310      1.6482571   -999.0000000   -999.0000000   -999.0000000
x      0.2930000      1.7483544      0.7358928      1.6757772   -999.0000000   -999.0000000   -999.0000000
x      0.2935000      1.7517501      0.7171083      1.7225805   -999.0000000   -999.0000000   -999.0000000
x      0.2940000      1.7518933      0.7322240      1.6571942   -999.0000000   -999.0000000   -999.0000000
x      0.2945000      1.7302966      0.6241153      1.6373914   -999.0000000   -999.0000000   -999.0000000
x      0.2950000      1.7485605      0.5295291      1.5844316   -999.0000000   -999.0000000   -999.0000000
x      0.2955000      1.7364685      0.5049163      1.5687154   -999.0000000   -999.0000000   -999.0000000
x      0.2960000      1.8179557      0.5140663      1.5755110   -999.0000000   -999.0000000   -999.0000000
x      0.2965000      1.7643301      0.5347729      1.5164889   -999.0000000   -999.0000000   -999.0000000
x      0.2970000      1.7899969      0.5716055      1.5340751   -999.0000000   -999.0000000   -999.0000000
x      0.2975000      1.8537507      0.5351546      1.4576055   -999.0000000   -999.0000000   -999.0000000
x      0.2980000      1.7773556      0.6826483      1.4723322   -999.0000000   -999.0000000   -999.0000000
x      0.2985000      1.8276593      0.6074222      1.5519499   -999.0000000   -999.0000000   -999.0000000
x      0.2990000      1.8186379      0.5483713      1.5743856   -999.0000000   -999.0000000   -999.0000000
x      0.2995000      1.7632236      0.5874118      1.5010250   -999.0000000   -999.0000000   -999.0000000
x      0.3000000      2.2280965      0.8010505      1.3826063   -999.0000000   -999.0000000   -999.0000000
x      0.3005000      2.2375426      0.8154549      1.3591870   -999.0000000   -999.0000000   -999.0000000
x      0.3010000      2.2294351      0.8083040      1.2969421   -999.0000000   -999.0000000   -999.0000000
x      0.3015000      2.1771986      0.8100101      1.2700828   -999.0000000   -999.0000000   -999.0000000
x      0.3020000      2.1067512      0.8817313      1.3174206   -999.0000000   -999.0000000   -999.0000000
x      0.3025000      2.0990899      0.8632712      1.3033492   -999.0000000   -999.0000000   -999.0000000
x      0.3030000      2.0896909      0.9013969      1.3338820   -999.0000000   -999.0000000   -999.0000000
x      0.3035000      1.9967987      0.9261342      1.2400273   -999.0000000   -999.0000000   -999.0000000
x      0.3040000      1.9237338      0.9726900      1.1712277   -999.0000000   -999.0000000   -999.0000000
x      0.3045000      1.9106249      0.8959104      1.1618755   -999.0000000   -999.0000000   -999.0000000
x      0.3050000      1.9411328      0.9111256      1.1527821   -999.0000000   -999.0000000   -999.0000000
x      0.3055000      1.9843692      0.8641354      1.1525948   -999.0000000   -999.0000000   -999.0000000
x      0.3060000      1.9410293      0.8549091      1.1000202   -999.0000000   -999.0000000   -999.0000000
x      0.3065000      1.9414442      0.8986833      1.0914217   -999.0000000   -999.0000000   -999.0000000
x      0.3070000      1.9047279      0.8462198      1.1489430   -999.0000000   -999.0000000   -999.0000000
x      0.3075000      1.9352372      0.9202809      1.1273694   -999.0000000   -999.0000000   -999.0000000
x      0.3080000      1.9022686      0.9365023      1.1607842   -999.0000000   -999.0000000   -999.0000000
x      0.3085000      1.8927188      0.9314570      1.1719791   -999.0000000   -999.0000000   -999.0000000
x      0.3090000      1.8947930      0.8400218      1.1549049   -999.0000000   -999.0000000   -999.0000000
x      0.3095000      1.9357550      0.8548000      1.1016202   -999.0000000   -999.0000000   -999.0000000
x      0.3100000      1.9333336      0.8366162      1.1204496   -999.0000000   -999.0000000   -999.0000000
x      0.3105000      1.9667699      0.8394752      1.1481052   -999.0000000   -999.0000000   -999.0000000
x      0.3110000      1.9561707      0.8433889      1.0997911   -999.0000000   -999.0000000   -999.0000000
x      0.3115000      1.9982425      0.8556502      1.1139235   -999.0000000   -999.0000000   -999.0000000
x      0.3120000      2.0383834      0.8164946      1.0618159   -999.0000000   -999.0000000   -999.0000000
x      0.3125000      2.0279987      0.8408110      1.1049265   -999.0000000   -999.0000000   -999.0000000
x      0.3130000      1.9832590      0.7969617      1.0737673   -999.0000000   -999.0000000   -999.0000000
x      0.3135000      1.9597645      0.7585041      1.0763514   -999.0000000   -999.0000000   -999.0000000
x      0.3140000      1.9642633      0.7360792      1.0391477   -999.0000000   -999.0000000   -999.0000000
x      0.3145000      1.8876745      0.7178999      1.0516878   -999.0000000   -999.0000000   -999.0000000
x      0.3150000      1.9664502      0.7033634      1.0169282   -999.0000000   -999.0000000   -999.0000000
x      0.3155000      1.8951163      0.6075637      1.0446346   -999.0000000   -999.0000000   -999.0000000
x      0.3160000      1.8386670      0.6101764      1.0406273   -999.0000000   -999.0000000   -999.0000000
x      0.3165000      1.9637720      0.6197827      1.0468564   -999.0000000   -999.0000000   -999.0000000
x      0.3170000      2.0366898      0.6374994      1.0230601   -999.0000000   -999.0000000   -999.0000000
x      0.3175000      2.0027520      0.6250174      1.0476690   -999.0000000   -999.0000000   -999.0000000
x      0.3180000      2.0037369      0.5916957      0.9856764   -999.0000000   -999.0000000   -999.0000000
x      0.3185000      1.9761908      0.5277246      1.1045144   -999.0000000   -999.0000000   -999.0000000
x      0.3190000      1.9522324      0.4739780      1.1409887   -999.0000000   -999.0000000   -999.0000000
x      0.3195000      1.9662139      0.4738453      1.0533295   -999.0000000   -999.0000000   -999.0000000
x      0.3200000      1.9685244      0.4813511      1.1268936   -999.0000000   -999.0000000   -999.0000000
x      0.3205000      1.9745242      0.3829660      1.1272063   -999.0000000   -999.0000000   -999.0000000
x      0.3210000      1.8988239      0.4376998      1.0756640   -999.0000000   -999.0000000   -999.0000000
x      0.3215000      1.9652366      0.4008067      1.1264982   -999.0000000   -999.0000000   -999.0000000
x      0.3220000      1.9073379      0.3845203      1.1878228   -999.0000000   -999.0000000   -999.0000000
x      0.3225000      1.9247470      0.4204248      1.2023402   -999.0000000   -999.0000000   -999.0000000
x      0.3230000      1.8822575      0.3129179      1.1762587   -999.0000000   -999.0000000   -999.0000000
x      0.3235000      1.8958960      0.2456282      1.1274811   -999.0000000   -999.0000000   -999.0000000
x      0.3240000      1.9145999      0.2319743      1.1148963   -999.0000000   -999.0000000   -999.0000000
x      0.3245000      1.8820760      0.2679999      1.1160280   -999.0000000   -999.0000000   -999.0000000
x      0.3250000      1.7766804      0.3382494      1.1123249   -999.0000000   -999.0000000   -999.0000000
x      0.3255000      1.8484775      0.4331682      1.1438375   -999.0000000   -999.0000000   -999.0000000
x      0.3260000      1.8953543      0.4923417      1.1109991   -999.0000000   -999.0000000   -999.0000000
x      0.3265000      1.9164056      0.5241789      1.1042034   -999.0000000   -999.0000000   -999.0000000
x      0.3270000      1.9181308      0.5011839      1.0781178   -999.0000000   -999.0000000   -999.0000000
x      0.3275000      1.9129234      0.5052113      1.0771844   -999.0000000   -999.0000000   -999.0000000
x      0.3280000      1.9201953      0.4888015      1.0553669   -999.0000000   -999.0000000   -999.0000000
x      0.3285000      2.0049806      0.5704980      1.0683834   -999.0000000   -999.0000000   -999.0000000
x      0.3290000      1.9550757      0.5010500      1.0191304   -999.0000000   -999.0000000   -999.0000000
x      0.3295000      2.0076983      0.4545115      1.0231421   -999.0000000   -999.0000000   -999.0000000
x      0.3300000      2.0263238      0.3981603      0.9937430   -999.0000000   -999.0000000   -999.0000000
x      0.3305000      1.9869665      0.3825391      0.9955839   -999.0000000   -999.0000000   -999.0000000
x      0.3310000      2.0250358      0.4344409      0.9708327   -999.0000000   -999.0000000   -999.0000000
x      0.3315000      2.0490693      0.3736660      0.9720622   -999.0000000   -999.0000000   -999.0000000
x      0.3320000      2.0754778      0.3821141      0.9705860   -999.0000000   -999.0000000   -999.0000000
x      0.3325000      2.1124952      0.3287404      0.9728700   -999.0000000   -999.0000000   -999.0000000
x      0.3330000      2.1703538      0.2637251      0.9732183   -999.0000000   -999.0000000   -999.0000000
x      0.3335000      2.1794708      0.3114092      0.9631099   -999.0000000   -999.0000000   -999.0000000
x      0.3340000      2.1211548      0.2891354      0.9578901   -999.0000000   -999.0000000   -999.0000000
x      0.3345000      2.1850574      0.2745014      0.9590782   -999.0000000   -999.0000000   -999.0000000
x      0.3350000      2.1799229      0.2885744      0.8959764   -999.0000000   -999.0000000   -999.0000000
x      0.3355000      2.1936084      0.2705658      0.9290036   -999.0000000   -999.0000000   -999.0000000
x      0.3360000      2.1358118      0.2440089      0.9013706   -999.0000000   -999.0000000   -999.0000000
x      0.3365000      2.1446699      0.2537246      0.9457792   -999.0000000   -999.0000000   -999.0000000
x      0.3370000      2.2197059      0.2790176      0.9100383   -999.0000000   -999.0000000   -999.0000000
x      0.3375000      2.1905274      0.2782727      0.9520954   -999.0000000   -999.0000000   -999.0000000
x      0.3380000      2.1856443      0.3098792      0.9632084   -999.0000000   -999.0000000   -999.0000000
x      0.3385000      2.1707790      0.3042887      0.9066751   -999.0000000   -999.0000000   -999.0000000
x      0.3390000      2.0512366      0.3307030      0.9272701   -999.0000000   -999.0000000   -999.0000000
x      0.3395000      2.1042242      0.4189234      0.8325905   -999.0000000   -999.0000000   -999.0000000
x      0.3400000      2.0796531      0.4367784      0.7720586   -999.0000000   -999.0000000   -999.0000000
x      0.3405000      2.0347819      0.4227307      0.7799010   -999.0000000   -999.0000000   -999.0000000
x      0.3410000      2.1030312      0.4743441      0.8602549   -999.0000000   -999.0000000   -999.0000000
x      0.3415000      2.1521025      0.4780499      0.8402436   -999.0000000   -999.0000000   -999.0000000
x      0.3420000      2.1587116      0.4835219      0.8331664   -999.0000000   -999.0000000   -999.0000000
x      0.3425000      2.1528362      0.4941507      0.8385220   -999.0000000   -999.0000000   -999.0000000
x      0.3430000      2.1298104      0.5474347      0.7392187   -999.0000000   -999.0000000   -999.0000000
x      0.3435000      2.1302962      0.5928796      0.7077504   -999.0000000   -999.0000000   -999.0000000
x      0.3440000      2.0810728      0.5968768      0.7799567   -999.0000000   -999.0000000   -999.0000000
x      0.3445000      2.0350122      0.6480047      0.7396554   -999.0000000   -999.0000000   -999.0000000
x      0.3450000      2.0320410      0.6239223      0.7817681   -999.0000000   -999.0000000   -999.0000000
x      0.3455000      2.0612029      0.6889871      0.7493094   -999.0000000   -999.0000000   -999.0000000
x      0.3460000      2.1673772      0.7513106      0.8388212   -999.0000000   -999.0000000   -999.0000000
x      0.3465000      2.1340930      0.7076694      0.8563804   -999.0000000   -999.0000000   -999.0000000
x      0.3470000      2.1072232      0.7255700      0.9125012   -999.0000000   -999.0000000   -999.0000000
x      0.3475000      2.1696881      0.7214491      0.9658159   -999.0000000   -999.0000000   -999.0000000
x      0.3480000      2.2262992      0.7763695      0.9443384   -999.0000000   -999.0000000   -999.0000000
x      0.3485000      2.2025070      0.7163309      0.9457816   -999.0000000   -999.0000000   -999.0000000
x      0.3490000      2.1898908      0.6207394      0.9292329   -999.0000000   -999.0000000   -999.0000000
x      0.3495000      2.2419094      0.5867202      0.9014511   -999.0000000   -999.0000000   -999.0000000
x      0.3500000      2.3710102      0.7926989      0.8773176   -999.0000000   -999.0000000   -999.0000000
x      0.3505000      2.2940590      0.8457800      0.8676603   -999.0000000   -999.0000000   -999.0000000
x      0.3510000      2.3182048      0.8808925      0.8468368   -999.0000000   -999.0000000   -999.0000000
x      0.3515000      2.2912097      0.9050234      0.8453134   -999.0000000   -999.0000000   -999.0000000
x      0.3520000      2.3197219      0.9481814      0.7946814   -999.0000000   -999.0000000   -999.0000000
x      0.3525000      2.3653224      0.9739385      0.7175696   -999.0000000   -999.0000000   -999.0000000
x      0.3530000      2.3602542      1.0231819      0.6735182   -999.0000000   -999.0000000   -999.0000000
x      0.3535000      2.3752912      0.9969667      0.6900862   -999.0000000   -999.0000000   -999.0000000
x      0.3540000      2.3306560      0.9726974      0.6488984   -999.0000000   -999.0000000   -999.0000000
x      0.3545000      2.3379466      1.0093368      0.5747031   -999.0000000   -999.0000000   -999.0000000
x      0.3550000      2.3062616      0.9836846      0.6190212   -999.0000000   -999.0000000   -999.0000000
x      0.3555000      2.3602579      1.0077814      0.5468065   -999.0000000   -999.0000000   -999.0000000
x      0.3560000      2.3576281      0.9631610      0.5612591   -999.0000000   -999.0000000   -999.0000000
x      0.3565000      2.3341413      0.9739018      0.6424300   -999.0000000   -999.0000000   -999.0000000
x      0.3570000      2.3425994      1.0041987      0.7253073   -999.0000000   -999.0000000   -999.0000000
x      0.3575000      2.3010181      1.0424156      0.7229448   -999.0000000   -999.0000000   -999.0000000
x      0.3580000      2.2148379      1.0376508      0.7300206   -999.0000000   -999.0000000   -999.0000000
x      0.3585000      2.1981106      1.0642924      0.6347198   -999.0000000   -999.0000000   -999.0000000
x      0.3590000      2.1965654      1.0891778      0.6961850   -999.0000000   -999.0000000   -999.0000000
x      0.3595000      2.2310866      1.0287537      0.6671847   -999.0000000   -999.0000000   -999.0000000
x      0.3600000      2.2050395      1.0465337      0.7597768   -999.0000000   -999.0000000   -999.0000000
x      0.3605000      2.2090344      1.0631991      0.8617923   -999.0000000   -999.0000000   -999.0000000
x      0.3610000      2.2373197      1.1081366      0.8858510   -999.0000000   -999.0000000   -999.0000000
x      0.3615000      2.2255121      1.0390700      1.0209830   -999.0000000   -999.0000000   -999.0000000
x      0.3620000      2.2200471      1.0030121      1.0270963   -999.0000000   -999.0000000   -999.0000000
x      0.3625000      2.1558722      0.9799780      1.0406100   -999.0000000   -999.0000000   -999.0000000
x      0.3630000      2.1253324      0.8829012      1.1050026   -999.0000000   -999.0000000   -999.0000000
x      0.3635000      2.1573308      0.9489576      1.0863556   -999.0000000   -999.0000000   -999.0000000
x      0.3640000      2.1067499      0.9580367      1.1845226   -999.0000000   -999.0000000   -999.0000000
x      0.3645000      2.1266819      0.9558490      1.1741588   -999.0000000   -999.0000000   -999.0000000
x      0.3650000      2.1690317      0.9619111      1.2013326   -999.0000000   -999.0000000   -999.0000000
x      0.3655000      2.1186189      0.9650422      1.1843712   -999.0000000   -999.0000000   -999.0000000
x      0.3660000      2.1030622      0.9549046      1.1001053   -999.0000000   -999.0000000   -999.0000000
x      0.3665000      2.1370638      1.0487477      1.1032489   -999.0000000   -999.0000000   -999.0000000
x      0.3670000      2.1565841      1.0001590      1.1916006   -999.0000000   -999.0000000   -999.0000000
x      0.3675000      2.1764261      1.0731787      1.2939404   -999.0000000   -999.0000000   -999.0000000
x      0.3680000      2.1987996      1.1265716      1.2795271   -999.0000000   -999.0000000   -999.0000000
x      0.3685000      2.2052908      1.1369120      1.3494635   -999.0000000   -999.0000000   -999.0000000
x      0.3690000      2.2768464      1.0851241      1.4273187   -999.0000000   -999.0000000   -999.0000000
x      0.3695000      2.3442075      1.0461539      1.4545103   -999.0000000   -999.0000000   -999.0000000
x      0.3700000      2.3349736      1.0454725      1.5518093   -999.0000000   -999.0000000   -999.0000000
x      0.3705000      2.4065429      1.0446916      1.5036672   -999.0000000   -999.0000000   -999.0000000
x      0.3710000      2.3994641      1.0834659      1.4888905   -999.0000000   -999.0000000   -999.0000000
x      0.3715000      2.4376447      1.0861276      1.3807233   -999.0000000   -999.0000000   -999.0000000
x      0.3720000      2.4013004      1.0534737      1.4000246   -999.0000000   -999.0000000   -999.0000000
x      0.3725000      2.3513014      0.9762441      1.3973324   -999.0000000   -999.0000000   -999.0000000
x      0.3730000      2.2801302      0.9789580      1.3710421   -999.0000000   -999.0000000   -999.0000000
x      0.3735000      2.3862071      0.9463968      1.3919598   -999.0000000   -999.0000000   -999.0000000
x      0.3740000      2.3704037      0.9782871      1.4085225   -999.0000000   -999.0000000   -999.0000000
x      0.3745000      2.4314681      0.9127082      1.4312362   -999.0000000   -999.0000000   -999.0000000
x      0.3750000      2.4074903      0.9844792      1.4010083   -999.0000000   -999.0000000   -999.0000000
x      0.3755000      2.4424207      0.9922873      1.4191892   -999.0000000   -999.0000000   -999.0000000
x      0.3760000      2.4434146      0.9393260      1.3847877   -999.0000000   -999.0000000   -999.0000000
x      0.3765000      2.4625208      0.9015655      1.3526744   -999.0000000   -999.0000000   -999.0000000
x      0.3770000      2.4693008      0.9248801      1.3276543   -999.0000000   -999.0000000   -999.0000000
x      0.3775000      2.4463574      1.0045965      1.3194114   -999.0000000   -999.0000000   -999.0000000
x      0.3780000      2.4092252      0.9959686      1.3276314   -999.0000000   -999.0000000   -999.0000000
x      0.3785000      2.3850107      0.9531810      1.3594465   -999.0000000   -999.0000000   -999.0000000
x      0.3790000      2.3992970      0.9525020      1.4174496   -999.0000000   -999.0000000   -999.0000000
x      0.3795000      2.4525137      0.9038409      1.3923243   -999.0000000   -999.0000000   -999.0000000
x      0.3800000      2.4433082      0.9344761      1.3650287   -999.0000000   -999.0000000   -999.0000000
x      0.3805000      2.3895623      0.9601820      1.3913089   -999.0000000   -999.0000000   -999.0000000
x      0.3810000      2.3421827      0.9936994      1.3502916   -999.0000000   -999.0000000   -999.0000000
x      0.3815000      2.3278995      0.9900968      1.2296417   -999.0000000   -999.0000000   -999.0000000
x      0.3820000      2.2652572      0.9965664      1.1914781   -999.0000000   -999.0000000   -999.0000000
x      0.3825000      2.2497382      1.0217148      1.1543011   -999.0000000   -999.0000000   -999.0000000
x      0.3830000      2.1920841      0.9568029      1.1828666   -999.0000000   -999.0000000   -999.0000000
x      0.3835000      2.2990313      0.9964640      1.2064932   -999.0000000   -999.0000000   -999.0000000
x      0.3840000      2.3603159      0.9195494      1.1736806   -999.0000000   -999.0000000   -999.0000000
x      0.3845000      2.2771228      0.9643737      1.1772975   -999.0000000   -999.0000000   -999.0000000
x      0.3850000      2.2998053      0.9142017      1.1423027   -999.0000000   -999.0000000   -999.0000000
x      0.3855000      2.3222193      0.9692618      1.1022774   -999.0000000   -999.0000000   -999.0000000
x      0.3860000      2.3504480      1.0524294      1.0688695   -999.0000000   -999.0000000   -999.0000000
x      0.3865000      2.3125353      1.0273783      1.0834428   -999.0000000   -999.0000000   -999.0000000
x      0.3870000      2.3518644      1.0435569      1.0885817   -999.0000000   -999.0000000   -999.0000000
x      0.3875000      2.3915505      1.0524286      1.1710635   -999.0000000   -999.0000000   -999.0000000
x      0.3880000      2.3442376      1.0636073      1.2018343   -999.0000000   -999.0000000   -999.0000000
x      0.3885000      2.3699009      1.0951403      1.1844177   -999.0000000   -999.0000000   -999.0000000
x      0.3890000      2.4504417      1.0533923      1.1543146   -999.0000000   -999.0000000   -999.0000000
x      0.3895000      2.4050042      0.9934314      1.1377034   -999.0000000   -999.0000000   -999.0000000
x      0.3900000      2.3937487      0.9883993      1.1272531   -999.0000000   -999.0000000   -999.0000000
x      0.3905000      2.3879020      0.9502600      1.0534252   -999.0000000   -999.0000000   -999.0000000
x      0.3910000      2.3540206      1.0133799      1.0489192   -999.0000000   -999.0000000   -999.0000000
x      0.3915000      2.3559491      0.9690820      1.0307066   -999.0000000   -999.0000000   -999.0000000
x      0.3920000      2.3579911      0.9907054      1.0069380   -999.0000000   -999.0000000   -999.0000000
x      0.3925000      2.3573366      1.0029760      1.0107618   -999.0000000   -999.0000000   -999.0000000
x      0.3930000      2.3973824      1.0141035      0.9616588   -999.0000000   -999.0000000   -999.0000000
x      0.3935000      2.2852319      1.0785573      0.9085072   -999.0000000   -999.0000000   -999.0000000
x      0.3940000      2.2865333      1.0816391      0.8961358   -999.0000000   -999.0000000   -999.0000000
x      0.3945000      2.2797098      1.1079668      0.8846044   -999.0000000   -999.0000000   -999.0000000
x      0.3950000      2.2498929      1.0665039      0.8653704   -999.0000000   -999.0000000   -999.0000000
x      0.3955000      2.2386626      0.9773924      0.8428456   -999.0000000   -999.0000000   -999.0000000
x      0.3960000      2.2563833      0.9453622      0.9055360   -999.0000000   -999.0000000   -999.0000000
x      0.3965000      2.2118001      0.9365322      0.8793001   -999.0000000   -999.0000000   -999.0000000
x      0.3970000      2.2395471      0.9090587      0.9063909   -999.0000000   -999.0000000   -999.0000000
x      0.3975000      2.2139666      0.9730252      0.9512136   -999.0000000   -999.0000000   -999.0000000
x      0.3980000      2.2874829      0.9852259      0.9864491   -999.0000000   -999.0000000   -999.0000000
x      0.3985000      2.2661438      1.0691230      0.9464709   -999.0000000   -999.0000000   -999.0000000
x      0.3990000      2.3628103      1.0707867      0.9196576   -999.0000000   -999.0000000   -999.0000000
x      0.3995000      2.4006875      1.0261237      0.8887634   -999.0000000   -999.0000000   -999.0000000
x      0.4000000      2.3563841      0.9969577      0.9383883      2.5597086      0.5412736      0.6110939
