Out  0.00000E+00  2.08797E+00 -3.04384E-01  2.05042E+00
Out  5.00000E-04  2.08820E+00 -3.03700E-01  2.04640E+00
Out  1.00000E-03  2.08842E+00 -3.03016E-01  2.04239E+00
Out  1.50000E-03  2.08865E+00 -3.02330E-01  2.03839E+00
Out  2.00000E-03  2.08889E+00 -3.01644E-01  2.03439E+00
Out  2.50000E-03  2.08912E+00 -3.00958E-01  2.03041E+00
Out  3.00000E-03  2.08936E+00 -3.00270E-01  2.02643E+00
Out  3.50000E-03  2.08959E+00 -2.99582E-01  2.02246E+00
Out  4.00000E-03  2.08983E+00 -2.98893E-01  2.01849E+00
Out  4.50000E-03  2.09008E+00 -2.98203E-01  2.01454E+00
Out  5.00000E-03  2.09032E+00 -2.97512E-01  2.01060E+00
Out  5.50000E-03  2.09057E+00 -2.96821E-01  2.00666E+00
Out  6.00000E-03  2.09081E+00 -2.96129E-01  2.00273E+00
Out  6.50000E-03  2.09106E+00 -2.95436E-01  1.99881E+00
Out  7.00000E-03  2.09132E+00 -2.94742E-01  1.99490E+00
Out  7.50000E-03  2.09157E+00 -2.94047E-01  1.99099E+00
Out  8.00000E-03  2.09182E+00 -2.93352E-01  1.98710E+00
Out  8.50000E-03  2.09208E+00 -2.92656E-01  1.98321E+00
Out  9.00000E-03  2.09234E+00 -2.91959E-01  1.97933E+00
Out  9.50000E-03  2.09260E+00 -2.91262E-01  1.97546E+00
Out  1.00000E-02  2.09286E+00 -2.90563E-01  1.97160E+00
Out  1.05000E-02  2.09313E+00 -2.89864E-01  1.96774E+00
Out  1.10000E-02  2.09339E+00 -2.89164E-01  1.96390E+00
Out  1.15000E-02  2.09366E+00 -2.88463E-01  1.96006E+00
Out  1.20000E-02  2.09393E+00 -2.87762E-01  1.95623E+00
Out  1.25000E-02  2.09420E+00 -2.87060E-01  1.95240E+00
Out  1.30000E-02  2.09448E+00 -2.86356E-01  1.94859E+00
Out  1.35000E-02  2.09475E+00 -2.85652E-01  1.94478E+00
Out  1.40000E-02  2.09503E+00 -2.84948E-01  1.94099E+00
Out  1.45000E-02  2.09531E+00 -2.84242E-01  1.93720E+00
Out  1.50000E-02  2.09559E+00 -2.83536E-01  1.93341E+00
Out  1.55000E-02  2.09587E+00 -2.82829E-01  1.92964E+00
Out  1.60000E-02  2.09616E+00 -2.82121E-01  1.92587E+00
Out  1.65000E-02  2.09644E+00 -2.81412E-01  1.92212E+00
Out  1.70000E-02  2.09673E+00 -2.80703E-01  1.91837E+00
Out  1.75000E-02  2.09702E+00 -2.79993E-01  1.91462E+00
Out  1.80000E-02  2.09731E+00 -2.79282E-01  1.91089E+00
Out  1.85000E-02  2.09761E+00 -2.78570E-01  1.90716E+00
Out  1.90000E-02  2.09790E+00 -2.77857E-01  1.90345E+00
Out  1.95000E-02  2.09820E+00 -2.77144E-01  1.89974E+00
Out  2.00000E-02  2.09850E+00 -2.76430E-01  1.89603E+00
Out  2.05000E-02  2.09880E+00 -2.75714E-01  1.89234E+00
Out  2.10000E-02  2.09910E+00 -2.74999E-01  1.88865E+00
Out  2.15000E-02  2.09940E+00 -2.74282E-01  1.88497E+00
Out  2.20000E-02  2.09971E+00 -2.73564E-01  1.88130E+00
Out  2.25000E-02  2.10001E+00 -2.72846E-01  1.87764E+00
Out  2.30000E-02  2.10032E+00 -2.72127E-01  1.87398E+00
Out  2.35000E-02  2.10063E+00 -2.71407E-01  1.87034E+00
Out  2.40000E-02  2.10095E+00 -2.70687E-01  1.86670E+00
Out  2.45000E-02  2.10126E+00 -2.69965E-01  1.86306E+00
Out  2.50000E-02  2.10158E+00 -2.69243E-01  1.85944E+00
Out  2.55000E-02  2.10189E+00 -2.68520E-01  1.85582E+00
Out  2.60000E-02  2.10221E+00 -2.67796E-01  1.85221E+00
Out  2.65000E-02  2.10253E+00 -2.67071E-01  1.84861E+00
Out  2.70000E-02  2.10286E+00 -2.66345E-01  1.84502E+00
Out  2.75000E-02  2.10318E+00 -2.65619E-01  1.84143E+00
Out  2.80000E-02  2.10351E+00 -2.64892E-01  1.83785E+00
Out  2.85000E-02  2.10383E+00 -2.64164E-01  1.83428E+00
Out  2.90000E-02  2.10416E+00 -2.63435E-01  1.83072E+00
Out  2.95000E-02  2.10449E+00 -2.62705E-01  1.82717E+00
Out  3.00000E-02  2.10483E+00 -2.61975E-01  1.82362E+00
Out  3.05000E-02  2.10516E+00 -2.61243E-01  1.82008E+00
Out  3.10000E-02  2.10549E+00 -2.60511E-01  1.81655E+00
Out  3.15000E-02  2.10583E+00 -2.59778E-01  1.81302E+00
Out  3.20000E-02  2.10617E+00 -2.59045E-01  1.80950E+00
Out  3.25000E-02  2.10651E+00 -2.58310E-01  1.80599E+00
Out  3.30000E-02  2.10685E+00 -2.57574E-01  1.80249E+00
Out  3.35000E-02  2.10720E+00 -2.56838E-01  1.79900E+00
Out  3.40000E-02  2.10754E+00 -2.56101E-01  1.79551E+00
Out  3.45000E-02  2.10789E+00 -2.55363E-01  1.79203E+00
Out  3.50000E-02  2.10824E+00 -2.54624E-01  1.78856E+00
Out  3.55000E-02  2.10859E+00 -2.53885E-01  1.78509E+00
Out  3.60000E-02  2.10894E+00 -2.53145E-01  1.78164E+00
Out  3.65000E-02  2.10929E+00 -2.52403E-01  1.77819E+00
Out  3.70000E-02  2.10965E+00 -2.51661E-01  1.77474E+00
Out  3.75000E-02  2.11001E+00 -2.50918E-01  1.77131E+00
Out  3.80000E-02  2.11036E+00 -2.50175E-01  1.76788E+00
Out  3.85000E-02  2.11072E+00 -2.49430E-01  1.76446E+00
Out  3.90000E-02  2.11108E+00 -2.48685E-01  1.76105E+00
Out  3.95000E-02  2.11145E+00 -2.47938E-01  1.75764E+00
Out  4.00000E-02  2.11181E+00 -2.47191E-01  1.75424E+00
Out  4.05000E-02  2.11218E+00 -2.46443E-01  1.75085E+00
Out  4.10000E-02  2.11255E+00 -2.45695E-01  1.74747E+00
Out  4.15000E-02  2.11291E+00 -2.44945E-01  1.74409E+00
Out  4.20000E-02  2.11328E+00 -2.44195E-01  1.74072E+00
Out  4.25000E-02  2.11366E+00 -2.43443E-01  1.73736E+00
Out  4.30000E-02  2.11403E+00 -2.42691E-01  1.73401E+00
Out  4.35000E-02  2.11441E+00 -2.41938E-01  1.73066E+00
Out  4.40000E-02  2.11478E+00 -2.41184E-01  1.72732E+00
Out  4.45000E-02  2.11516E+00 -2.40430E-01  1.72399E+00
Out  4.50000E-02  2.11554E+00 -2.39674E-01  1.72066E+00
Out  4.55000E-02  2.11592E+00 -2.38918E-01  1.71734E+00
Out  4.60000E-02  2.11630E+00 -2.38161E-01  1.71403E+00
Out  4.65000E-02  2.11669E+00 -2.37403E-01  1.71073E+00
Out  4.70000E-02  2.11707E+00 -2.36644E-01  1.70743E+00
Out  4.75000E-02  2.11746E+00 -2.35884E-01  1.70414E+00
Out  4.80000E-02  2.11785E+00 -2.35123E-01  1.70086E+00
Out  4.85000E-02  2.11824E+00 -2.34362E-01  1.69758E+00
Out  4.90000E-02  2.11863E+00 -2.33599E-01  1.69432E+00
Out  4.95000E-02  2.11902E+00 -2.32836E-01  1.69105E+00
Out  5.00000E-02  2.11942E+00 -2.32072E-01  1.68780E+00
Out  5.05000E-02  2.11981E+00 -2.31307E-01  1.68455E+00
Out  5.10000E-02  2.12021E+00 -2.30542E-01  1.68131E+00
Out  5.15000E-02  2.12061E+00 -2.29775E-01  1.67808E+00
Out  5.20000E-02  2.12101E+00 -2.29008E-01  1.67485E+00
Out  5.25000E-02  2.12141E+00 -2.28239E-01  1.67164E+00
Out  5.30000E-02  2.12181E+00 -2.27470E-01  1.66842E+00
Out  5.35000E-02  2.12222E+00 -2.26700E-01  1.66522E+00
Out  5.40000E-02  2.12262E+00 -2.25929E-01  1.66202E+00
Out  5.45000E-02  2.12303E+00 -2.25157E-01  1.65883E+00
Out  5.50000E-02  2.12344E+00 -2.24385E-01  1.65565E+00
Out  5.55000E-02  2.12385E+00 -2.23611E-01  1.65247E+00
Out  5.60000E-02  2.12426E+00 -2.22837E-01  1.64930E+00
Out  5.65000E-02  2.12467E+00 -2.22062E-01  1.64613E+00
Out  5.70000E-02  2.12509E+00 -2.21286E-01  1.64298E+00
Out  5.75000E-02  2.12550E+00 -2.20509E-01  1.63983E+00
Out  5.80000E-02  2.12592E+00 -2.19731E-01  1.63669E+00
Out  5.85000E-02  2.12634E+00 -2.18952E-01  1.63355E+00
Out  5.90000E-02  2.12676E+00 -2.18173E-01  1.63042E+00
Out  5.95000E-02  2.12718E+00 -2.17392E-01  1.62730E+00
Out  6.00000E-02  2.12760E+00 -2.16611E-01  1.62418E+00
Out  6.05000E-02  2.12803E+00 -2.15829E-01  1.62108E+00
Out  6.10000E-02  2.12845E+00 -2.15046E-01  1.61797E+00
Out  6.15000E-02  2.12888E+00 -2.14262E-01  1.61488E+00
Out  6.20000E-02  2.12931E+00 -2.13477E-01  1.61179E+00
Out  6.25000E-02  2.12973E+00 -2.12691E-01  1.60871E+00
Out  6.30000E-02  2.13017E+00 -2.11905E-01  1.60564E+00
Out  6.35000E-02  2.13060E+00 -2.11117E-01  1.60257E+00
Out  6.40000E-02  2.13103E+00 -2.10329E-01  1.59951E+00
Out  6.45000E-02  2.13146E+00 -2.09540E-01  1.59645E+00
Out  6.50000E-02  2.13190E+00 -2.08750E-01  1.59341E+00
Out  6.55000E-02  2.13234E+00 -2.07959E-01  1.59036E+00
Out  6.60000E-02  2.13278E+00 -2.07167E-01  1.58733E+00
Out  6.65000E-02  2.13322E+00 -2.06374E-01  1.58430E+00
Out  6.70000E-02  2.13366E+00 -2.05581E-01  1.58128E+00
Out  6.75000E-02  2.13410E+00 -2.04786E-01  1.57827E+00
Out  6.80000E-02  2.13454E+00 -2.03991E-01  1.57526E+00
Out  6.85000E-02  2.13499E+00 -2.03195E-01  1.57226E+00
Out  6.90000E-02  2.13543E+00 -2.02398E-01  1.56926E+00
Out  6.95000E-02  2.13588E+00 -2.01600E-01  1.56628E+00
Out  7.00000E-02  2.13633E+00 -2.00801E-01  1.56330E+00
Out  7.05000E-02  2.13678E+00 -2.00001E-01  1.56032E+00
Out  7.10000E-02  2.13723E+00 -1.99201E-01  1.55735E+00
Out  7.15000E-02  2.13768E+00 -1.98399E-01  1.55439E+00
Out  7.20000E-02  2.13814E+00 -1.97597E-01  1.55144E+00
Out  7.25000E-02  2.13859E+00 -1.96793E-01  1.54849E+00
Out  7.30000E-02  2.13905E+00 -1.95989E-01  1.54555E+00
Out  7.35000E-02  2.13951E+00 -1.95184E-01  1.54261E+00
Out  7.40000E-02  2.13997E+00 -1.94378E-01  1.53968E+00
Out  7.45000E-02  2.14043E+00 -1.93571E-01  1.53676E+00
Out  7.50000E-02  2.14089E+00 -1.92763E-01  1.53384E+00
Out  7.55000E-02  2.14135E+00 -1.91955E-01  1.53093E+00
Out  7.60000E-02  2.14181E+00 -1.91145E-01  1.52803E+00
Out  7.65000E-02  2.14228E+00 -1.90335E-01  1.52513E+00
Out  7.70000E-02  2.14274E+00 -1.89523E-01  1.52224E+00
Out  7.75000E-02  2.14321E+00 -1.88711E-01  1.51936E+00
Out  7.80000E-02  2.14368E+00 -1.87898E-01  1.51648E+00
Out  7.85000E-02  2.14415E+00 -1.87084E-01  1.51361E+00
Out  7.90000E-02  2.14462E+00 -1.86269E-01  1.51075E+00
Out  7.95000E-02  2.14509E+00 -1.85453E-01  1.50789E+00
Out  8.00000E-02  2.14557E+00 -1.84637E-01  1.50503E+00
Out  8.05000E-02  2.14604E+00 -1.83819E-01  1.50219E+00
Out  8.10000E-02  2.14652E+00 -1.83000E-01  1.49935E+00
Out  8.15000E-02  2.14699E+00 -1.82181E-01  1.49652E+00
Out  8.20000E-02  2.14747E+00 -1.81361E-01  1.49369E+00
Out  8.25000E-02  2.14795E+00 -1.80539E-01  1.49087E+00
Out  8.30000E-02  2.14843E+00 -1.79717E-01  1.48805E+00
Out  8.35000E-02  2.14891E+00 -1.78894E-01  1.48525E+00
Out  8.40000E-02  2.14940E+00 -1.78070E-01  1.48245E+00
Out  8.45000E-02  2.14988E+00 -1.77245E-01  1.47965E+00
Out  8.50000E-02  2.15036E+00 -1.76420E-01  1.47686E+00
Out  8.55000E-02  2.15085E+00 -1.75593E-01  1.47408E+00
Out  8.60000E-02  2.15134E+00 -1.74765E-01  1.47130E+00
Out  8.65000E-02  2.15183E+00 -1.73937E-01  1.46853E+00
Out  8.70000E-02  2.15232E+00 -1.73108E-01  1.46577E+00
Out  8.75000E-02  2.15281E+00 -1.72277E-01  1.46301E+00
Out  8.80000E-02  2.15330E+00 -1.71446E-01  1.46025E+00
Out  8.85000E-02  2.15379E+00 -1.70614E-01  1.45751E+00
Out  8.90000E-02  2.15429E+00 -1.69781E-01  1.45477E+00
Out  8.95000E-02  2.15478E+00 -1.68947E-01  1.45204E+00
Out  9.00000E-02  2.15528E+00 -1.68112E-01  1.44931E+00
Out  9.05000E-02  2.15577E+00 -1.67276E-01  1.44659E+00
Out  9.10000E-02  2.15627E+00 -1.66440E-01  1.44387E+00
Out  9.15000E-02  2.15677E+00 -1.65602E-01  1.44116E+00
Out  9.20000E-02  2.15727E+00 -1.64764E-01  1.43846E+00
Out  9.25000E-02  2.15777E+00 -1.63924E-01  1.43576E+00
Out  9.30000E-02  2.15828E+00 -1.63084E-01  1.43307E+00
Out  9.35000E-02  2.15878E+00 -1.62243E-01  1.43038E+00
Out  9.40000E-02  2.15929E+00 -1.61400E-01  1.42771E+00
Out  9.45000E-02  2.15979E+00 -1.60557E-01  1.42503E+00
Out  9.50000E-02  2.16030E+00 -1.59713E-01  1.42237E+00
Out  9.55000E-02  2.16081E+00 -1.58868E-01  1.41970E+00
Out  9.60000E-02  2.16132E+00 -1.58023E-01  1.41705E+00
Out  9.65000E-02  2.16183E+00 -1.57176E-01  1.41440E+00
Out  9.70000E-02  2.16234E+00 -1.56328E-01  1.41176E+00
Out  9.75000E-02  2.16285E+00 -1.55480E-01  1.40912E+00
Out  9.80000E-02  2.16336E+00 -1.54630E-01  1.40649E+00
Out  9.85000E-02  2.16388E+00 -1.53780E-01  1.40386E+00
Out  9.90000E-02  2.16439E+00 -1.52928E-01  1.40124E+00
Out  9.95000E-02  2.16491E+00 -1.52076E-01  1.39863E+00
Out  1.00000E-01  2.16543E+00 -1.51223E-01  1.39602E+00
Out  1.00500E-01  2.16594E+00 -1.50368E-01  1.39342E+00
Out  1.01000E-01  2.16646E+00 -1.49513E-01  1.39082E+00
Out  1.01500E-01  2.16698E+00 -1.48657E-01  1.38823E+00
Out  1.02000E-01  2.16751E+00 -1.47800E-01  1.38565E+00
Out  1.02500E-01  2.16803E+00 -1.46943E-01  1.38307E+00
Out  1.03000E-01  2.16855E+00 -1.46084E-01  1.38050E+00
Out  1.03500E-01  2.16908E+00 -1.45224E-01  1.37793E+00
Out  1.04000E-01  2.16960E+00 -1.44363E-01  1.37537E+00
Out  1.04500E-01  2.17013E+00 -1.43502E-01  1.37282E+00
Out  1.05000E-01  2.17065E+00 -1.42639E-01  1.37027E+00
Out  1.05500E-01  2.17118E+00 -1.41776E-01  1.36772E+00
Out  1.06000E-01  2.17171E+00 -1.40912E-01  1.36519E+00
Out  1.06500E-01  2.17224E+00 -1.40046E-01  1.36265E+00
Out  1.07000E-01  2.17277E+00 -1.39180E-01  1.36013E+00
Out  1.07500E-01  2.17331E+00 -1.38313E-01  1.35761E+00
Out  1.08000E-01  2.17384E+00 -1.37445E-01  1.35509E+00
Out  1.08500E-01  2.17437E+00 -1.36576E-01  1.35258E+00
Out  1.09000E-01  2.17491E+00 -1.35706E-01  1.35008E+00
Out  1.09500E-01  2.17544E+00 -1.34835E-01  1.34758E+00
Out  1.10000E-01  2.17598E+00 -1.33963E-01  1.34509E+00
Out  1.10500E-01  2.17652E+00 -1.33090E-01  1.34260E+00
Out  1.11000E-01  2.17706E+00 -1.32216E-01  1.34012E+00
Out  1.11500E-01  2.17760E+00 -1.31342E-01  1.33765E+00
Out  1.12000E-01  2.17814E+00 -1.30466E-01  1.33518E+00
Out  1.12500E-01  2.17868E+00 -1.29590E-01  1.33272E+00
Out  1.13000E-01  2.17922E+00 -1.28712E-01  1.33026E+00
Out  1.13500E-01  2.17977E+00 -1.27834E-01  1.32780E+00
Out  1.14000E-01  2.18031E+00 -1.26955E-01  1.32536E+00
Out  1.14500E-01  2.18086E+00 -1.26074E-01  1.32292E+00
Out  1.15000E-01  2.18140E+00 -1.25193E-01  1.32048E+00
Out  1.15500E-01  2.18195E+00 -1.24311E-01  1.31805E+00
Out  1.16000E-01  2.18250E+00 -1.23428E-01  1.31563E+00
Out  1.16500E-01  2.18305E+00 -1.22544E-01  1.31321E+00
Out  1.17000E-01  2.18360E+00 -1.21659E-01  1.31079E+00
Out  1.17500E-01  2.18415E+00 -1.20773E-01  1.30839E+00
Out  1.18000E-01  2.18470E+00 -1.19886E-01  1.30598E+00
Out  1.18500E-01  2.18525E+00 -1.18998E-01  1.30359E+00
Out  1.19000E-01  2.18580E+00 -1.18109E-01  1.30119E+00
Out  1.19500E-01  2.18636E+00 -1.17220E-01  1.29881E+00
Out  1.20000E-01  2.18691E+00 -1.16329E-01  1.29643E+00
Out  1.20500E-01  2.18747E+00 -1.15437E-01  1.29405E+00
Out  1.21000E-01  2.18802E+00 -1.14545E-01  1.29168E+00
Out  1.21500E-01  2.18858E+00 -1.13651E-01  1.28932E+00
Out  1.22000E-01  2.18914E+00 -1.12757E-01  1.28696E+00
Out  1.22500E-01  2.18970E+00 -1.11861E-01  1.28461E+00
Out  1.23000E-01  2.19026E+00 -1.10965E-01  1.28226E+00
Out  1.23500E-01  2.19082E+00 -1.10068E-01  1.27992E+00
Out  1.24000E-01  2.19138E+00 -1.09169E-01  1.27758E+00
Out  1.24500E-01  2.19194E+00 -1.08270E-01  1.27525E+00
Out  1.25000E-01  2.19251E+00 -1.07370E-01  1.27292E+00
Out  1.25500E-01  2.19307E+00 -1.06469E-01  1.27060E+00
Out  1.26000E-01  2.19364E+00 -1.05567E-01  1.26828E+00
Out  1.26500E-01  2.19420E+00 -1.04664E-01  1.26597E+00
Out  1.27000E-01  2.19477E+00 -1.03760E-01  1.26367E+00
Out  1.27500E-01  2.19534E+00 -1.02855E-01  1.26137E+00
Out  1.28000E-01  2.19591E+00 -1.01949E-01  1.25907E+00
Out  1.28500E-01  2.19647E+00 -1.01042E-01  1.25679E+00
Out  1.29000E-01  2.19704E+00 -1.00134E-01  1.25450E+00
Out  1.29500E-01  2.19761E+00 -9.92257E-02  1.25222E+00
Out  1.30000E-01  2.19819E+00 -9.83160E-02  1.24995E+00
Out  1.30500E-01  2.19876E+00 -9.74054E-02  1.24768E+00
Out  1.31000E-01  2.19933E+00 -9.64937E-02  1.24542E+00
Out  1.31500E-01  2.19991E+00 -9.55812E-02  1.24316E+00
Out  1.32000E-01  2.20048E+00 -9.46676E-02  1.24091E+00
Out  1.32500E-01  2.20106E+00 -9.37532E-02  1.23866E+00
Out  1.33000E-01  2.20163E+00 -9.28377E-02  1.23642E+00
Out  1.33500E-01  2.20221E+00 -9.19213E-02  1.23419E+00
Out  1.34000E-01  2.20279E+00 -9.10039E-02  1.23195E+00
Out  1.34500E-01  2.20336E+00 -9.00857E-02  1.22973E+00
Out  1.35000E-01  2.20394E+00 -8.91663E-02  1.22751E+00
Out  1.35500E-01  2.20452E+00 -8.82461E-02  1.22529E+00
Out  1.36000E-01  2.20510E+00 -8.73249E-02  1.22308E+00
Out  1.36500E-01  2.20568E+00 -8.64027E-02  1.22088E+00
Out  1.37000E-01  2.20627E+00 -8.54796E-02  1.21868E+00
Out  1.37500E-01  2.20685E+00 -8.45555E-02  1.21648E+00
Out  1.38000E-01  2.20743E+00 -8.36304E-02  1.21429E+00
Out  1.38500E-01  2.20802E+00 -8.27044E-02  1.21211E+00
Out  1.39000E-01  2.20860E+00 -8.17774E-02  1.20993E+00
Out  1.39500E-01  2.20919E+00 -8.08495E-02  1.20775E+00
Out  1.40000E-01  2.20977E+00 -7.99206E-02  1.20558E+00
Out  1.40500E-01  2.21036E+00 -7.89907E-02  1.20342E+00
Out  1.41000E-01  2.21095E+00 -7.80598E-02  1.20126E+00
Out  1.41500E-01  2.21154E+00 -7.71281E-02  1.19910E+00
Out  1.42000E-01  2.21213E+00 -7.61952E-02  1.19695E+00
Out  1.42500E-01  2.21272E+00 -7.52615E-02  1.19481E+00
Out  1.43000E-01  2.21331E+00 -7.43268E-02  1.19267E+00
Out  1.43500E-01  2.21390E+00 -7.33911E-02  1.19054E+00
Out  1.44000E-01  2.21449E+00 -7.24545E-02  1.18841E+00
Out  1.44500E-01  2.21508E+00 -7.15169E-02  1.18628E+00
Out  1.45000E-01  2.21568E+00 -7.05782E-02  1.18416E+00
Out  1.45500E-01  2.21627E+00 -6.96387E-02  1.18205E+00
Out  1.46000E-01  2.21687E+00 -6.86982E-02  1.17994E+00
Out  1.46500E-01  2.21746E+00 -6.77567E-02  1.17784E+00
Out  1.47000E-01  2.21806E+00 -6.68142E-02  1.17574E+00
Out  1.47500E-01  2.21865E+00 -6.58708E-02  1.17364E+00
Out  1.48000E-01  2.21925E+00 -6.49263E-02  1.17155E+00
Out  1.48500E-01  2.21985E+00 -6.39810E-02  1.16947E+00
Out  1.49000E-01  2.22045E+00 -6.30346E-02  1.16739E+00
Out  1.49500E-01  2.22105E+00 -6.20873E-02  1.16531E+00
Out  1.50000E-01  2.22165E+00 -6.11390E-02  1.16324E+00
Out  1.50500E-01  2.22225E+00 -6.01897E-02  1.16118E+00
Out  1.51000E-01  2.22285E+00 -5.92394E-02  1.15912E+00
Out  1.51500E-01  2.22345E+00 -5.82882E-02  1.15706E+00
Out  1.52000E-01  2.22405E+00 -5.73360E-02  1.15501E+00
Out  1.52500E-01  2.22466E+00 -5.63829E-02  1.15297E+00
Out  1.53000E-01  2.22526E+00 -5.54287E-02  1.15093E+00
Out  1.53500E-01  2.22586E+00 -5.44736E-02  1.14889E+00
Out  1.54000E-01  2.22647E+00 -5.35175E-02  1.14686E+00
Out  1.54500E-01  2.22707E+00 -5.25604E-02  1.14484E+00
Out  1.55000E-01  2.22768E+00 -5.16023E-02  1.14282E+00
Out  1.55500E-01  2.22829E+00 -5.06433E-02  1.14080E+00
Out  1.56000E-01  2.22890E+00 -4.96833E-02  1.13879E+00
Out  1.56500E-01  2.22950E+00 -4.87223E-02  1.13678E+00
Out  1.57000E-01  2.23011E+00 -4.77603E-02  1.13478E+00
Out  1.57500E-01  2.23072E+00 -4.67974E-02  1.13278E+00
Out  1.58000E-01  2.23133E+00 -4.58334E-02  1.13079E+00
Out  1.58500E-01  2.23194E+00 -4.48686E-02  1.12880E+00
Out  1.59000E-01  2.23255E+00 -4.39027E-02  1.12682E+00
Out  1.59500E-01  2.23316E+00 -4.29358E-02  1.12484E+00
Out  1.60000E-01  2.23378E+00 -4.19679E-02  1.12287E+00
Out  1.60500E-01  2.23439E+00 -4.09991E-02  1.12090E+00
Out  1.61000E-01  2.23500E+00 -4.00293E-02  1.11893E+00
Out  1.61500E-01  2.23562E+00 -3.90585E-02  1.11697E+00
Out  1.62000E-01  2.23623E+00 -3.80867E-02  1.11502E+00
Out  1.62500E-01  2.23684E+00 -3.71140E-02  1.11307E+00
Out  1.63000E-01  2.23746E+00 -3.61402E-02  1.11113E+00
Out  1.63500E-01  2.23808E+00 -3.51656E-02  1.10918E+00
Out  1.64000E-01  2.23869E+00 -3.41898E-02  1.10725E+00
Out  1.64500E-01  2.23931E+00 -3.32132E-02  1.10532E+00
Out  1.65000E-01  2.23993E+00 -3.22355E-02  1.10339E+00
Out  1.65500E-01  2.24054E+00 -3.12568E-02  1.10147E+00
Out  1.66000E-01  2.24116E+00 -3.02771E-02  1.09955E+00
Out  1.66500E-01  2.24178E+00 -2.92966E-02  1.09764E+00
Out  1.67000E-01  2.24240E+00 -2.83149E-02  1.09573E+00
Out  1.67500E-01  2.24302E+00 -2.73323E-02  1.09383E+00
Out  1.68000E-01  2.24364E+00 -2.63487E-02  1.09193E+00
Out  1.68500E-01  2.24426E+00 -2.53642E-02  1.09003E+00
Out  1.69000E-01  2.24489E+00 -2.43786E-02  1.08814E+00
Out  1.69500E-01  2.24551E+00 -2.33921E-02  1.08626E+00
Out  1.70000E-01  2.24613E+00 -2.24045E-02  1.08438E+00
Out  1.70500E-01  2.24676E+00 -2.14160E-02  1.08250E+00
Out  1.71000E-01  2.24738E+00 -2.04265E-02  1.08063E+00
Out  1.71500E-01  2.24800E+00 -1.94360E-02  1.07876E+00
Out  1.72000E-01  2.24863E+00 -1.84445E-02  1.07690E+00
Out  1.72500E-01  2.24925E+00 -1.74520E-02  1.07504E+00
Out  1.73000E-01  2.24988E+00 -1.64585E-02  1.07319E+00
Out  1.73500E-01  2.25051E+00 -1.54641E-02  1.07134E+00
Out  1.74000E-01  2.25113E+00 -1.44686E-02  1.06950E+00
Out  1.74500E-01  2.25176E+00 -1.34722E-02  1.06766E+00
Out  1.75000E-01  2.25239E+00 -1.24748E-02  1.06582E+00
Out  1.75500E-01  2.25301E+00 -1.14764E-02  1.06399E+00
Out  1.76000E-01  2.25364E+00 -1.04770E-02  1.06217E+00
Out  1.76500E-01  2.25427E+00 -9.47659E-03  1.06034E+00
Out  1.77000E-01  2.25490E+00 -8.47516E-03  1.05853E+00
Out  1.77500E-01  2.25553E+00 -7.47281E-03  1.05671E+00
Out  1.78000E-01  2.25616E+00 -6.46940E-03  1.05490E+00
Out  1.78500E-01  2.25679E+00 -5.46506E-03  1.05310E+00
Out  1.79000E-01  2.25742E+00 -4.45966E-03  1.05130E+00
Out  1.79500E-01  2.25806E+00 -3.45334E-03  1.04951E+00
Out  1.80000E-01  2.25869E+00 -2.44596E-03  1.04771E+00
Out  1.80500E-01  2.25932E+00 -1.43765E-03  1.04593E+00
Out  1.81000E-01  2.25995E+00 -4.28278E-04  1.04415E+00
Out  1.81500E-01  2.26059E+00  5.82019E-04  1.04237E+00
Out  1.82000E-01  2.26122E+00  1.59338E-03  1.04059E+00
Out  1.82500E-01  2.26186E+00  2.60567E-03  1.03883E+00
Out  1.83000E-01  2.26249E+00  3.61902E-03  1.03706E+00
Out  1.83500E-01  2.26313E+00  4.63330E-03  1.03530E+00
Out  1.84000E-01  2.26376E+00  5.64864E-03  1.03354E+00
Out  1.84500E-01  2.26440E+00  6.66491E-03  1.03179E+00
Out  1.85000E-01  2.26503E+00  7.68225E-03  1.03005E+00
Out  1.85500E-01  2.26567E+00  8.70051E-03  1.02830E+00
Out  1.86000E-01  2.26631E+00  9.71984E-03  1.02656E+00
Out  1.86500E-01  2.26695E+00  1.07401E-02  1.02483E+00
Out  1.87000E-01  2.26758E+00  1.17614E-02  1.02310E+00
Out  1.87500E-01  2.26822E+00  1.27837E-02  1.02137E+00
Out  1.88000E-01  2.26886E+00  1.38070E-02  1.01965E+00
Out  1.88500E-01  2.26950E+00  1.48312E-02  1.01794E+00
Out  1.89000E-01  2.27014E+00  1.58566E-02  1.01622E+00
Out  1.89500E-01  2.27078E+00  1.68828E-02  1.01451E+00
Out  1.90000E-01  2.27142E+00  1.79101E-02  1.01281E+00
Out  1.90500E-01  2.27206E+00  1.89384E-02  1.01111E+00
Out  1.91000E-01  2.27270E+00  1.99677E-02  1.00941E+00
Out  1.91500E-01  2.27334E+00  2.09979E-02  1.00772E+00
Out  1.92000E-01  2.27398E+00  2.20292E-02  1.00603E+00
Out  1.92500E-01  2.27463E+00  2.30615E-02  1.00435E+00
Out  1.93000E-01  2.27527E+00  2.40948E-02  1.00267E+00
Out  1.93500E-01  2.27591E+00  2.51290E-02  1.00100E+00
Out  1.94000E-01  2.27656E+00  2.61643E-02  9.99326E-01
Out  1.94500E-01  2.27720E+00  2.72006E-02  9.97660E-01
Out  1.95000E-01  2.27784E+00  2.82379E-02  9.95997E-01
Out  1.95500E-01  2.27849E+00  2.92762E-02  9.94339E-01
Out  1.96000E-01  2.27913E+00  3.03155E-02  9.92685E-01
Out  1.96500E-01  2.27978E+00  3.13557E-02  9.91035E-01
Out  1.97000E-01  2.28042E+00  3.23971E-02  9.89390E-01
Out  1.97500E-01  2.28107E+00  3.34393E-02  9.87748E-01
Out  1.98000E-01  2.28171E+00  3.44827E-02  9.86111E-01
Out  1.98500E-01  2.28236E+00  3.55269E-02  9.84478E-01
Out  1.99000E-01  2.28301E+00  3.65723E-02  9.82849E-01
Out  1.99500E-01  2.28365E+00  3.76185E-02  9.81223E-01
Out  2.00000E-01  2.28430E+00  3.86659E-02  9.79603E-01
Out  2.00500E-01  2.28495E+00  3.97141E-02  9.77986E-01
Out  2.01000E-01  2.28559E+00  4.07635E-02  9.76373E-01
Out  2.01500E-01  2.28624E+00  4.18138E-02  9.74764E-01
Out  2.02000E-01  2.28689E+00  4.28652E-02  9.73160E-01
Out  2.02500E-01  2.28754E+00  4.39174E-02  9.71559E-01
Out  2.03000E-01  2.28819E+00  4.49708E-02  9.69963E-01
Out  2.03500E-01  2.28884E+00  4.60251E-02  9.68371E-01
Out  2.04000E-01  2.28949E+00  4.70805E-02  9.66782E-01
Out  2.04500E-01  2.29014E+00  4.81368E-02  9.65198E-01
Out  2.05000E-01  2.29079E+00  4.91942E-02  9.63618E-01
Out  2.05500E-01  2.29144E+00  5.02526E-02  9.62042E-01
Out  2.06000E-01  2.29209E+00  5.13120E-02  9.60470E-01
Out  2.06500E-01  2.29274E+00  5.23723E-02  9.58901E-01
Out  2.07000E-01  2.29339E+00  5.34337E-02  9.57337E-01
Out  2.07500E-01  2.29404E+00  5.44961E-02  9.55777E-01
Out  2.08000E-01  2.29469E+00  5.55595E-02  9.54221E-01
Out  2.08500E-01  2.29534E+00  5.66239E-02  9.52669E-01
Out  2.09000E-01  2.29600E+00  5.76893E-02  9.51121E-01
Out  2.09500E-01  2.29665E+00  5.87557E-02  9.49577E-01
Out  2.10000E-01  2.29730E+00  5.98232E-02  9.48036E-01
Out  2.10500E-01  2.29795E+00  6.08916E-02  9.46500E-01
Out  2.11000E-01  2.29861E+00  6.19611E-02  9.44968E-01
Out  2.11500E-01  2.29926E+00  6.30315E-02  9.43439E-01
Out  2.12000E-01  2.29991E+00  6.41030E-02  9.41915E-01
Out  2.12500E-01  2.30057E+00  6.51754E-02  9.40395E-01
Out  2.13000E-01  2.30122E+00  6.62489E-02  9.38878E-01
Out  2.13500E-01  2.30188E+00  6.73234E-02  9.37365E-01
Out  2.14000E-01  2.30253E+00  6.83989E-02  9.35857E-01
Out  2.14500E-01  2.30319E+00  6.94754E-02  9.34352E-01
Out  2.15000E-01  2.30384E+00  7.05529E-02  9.32851E-01
Out  2.15500E-01  2.30450E+00  7.16314E-02  9.31354E-01
Out  2.16000E-01  2.30515E+00  7.27110E-02  9.29861E-01
Out  2.16500E-01  2.30581E+00  7.37915E-02  9.28372E-01
Out  2.17000E-01  2.30646E+00  7.48731E-02  9.26886E-01
Out  2.17500E-01  2.30712E+00  7.59556E-02  9.25405E-01
Out  2.18000E-01  2.30777E+00  7.70392E-02  9.23927E-01
Out  2.18500E-01  2.30843E+00  7.81238E-02  9.22453E-01
Out  2.19000E-01  2.30909E+00  7.92094E-02  9.20983E-01
Out  2.19500E-01  2.30974E+00  8.02960E-02  9.19517E-01
Out  2.20000E-01  2.31040E+00  8.13837E-02  9.18055E-01
Out  2.20500E-01  2.31106E+00  8.24723E-02  9.16597E-01
Out  2.21000E-01  2.31172E+00  8.35619E-02  9.15142E-01
Out  2.21500E-01  2.31237E+00  8.46526E-02  9.13691E-01
Out  2.22000E-01  2.31303E+00  8.57443E-02  9.12244E-01
Out  2.22500E-01  2.31369E+00  8.68369E-02  9.10801E-01
Out  2.23000E-01  2.31435E+00  8.79306E-02  9.09362E-01
Out  2.23500E-01  2.31501E+00  8.90253E-02  9.07926E-01
Out  2.24000E-01  2.31566E+00  9.01211E-02  9.06494E-01
Out  2.24500E-01  2.31632E+00  9.12177E-02  9.05066E-01
Out  2.25000E-01  2.31698E+00  9.23155E-02  9.03642E-01
Out  2.25500E-01  2.31764E+00  9.34142E-02  9.02222E-01
Out  2.26000E-01  2.31830E+00  9.45140E-02  9.00805E-01
Out  2.26500E-01  2.31896E+00  9.56148E-02  8.99392E-01
Out  2.27000E-01  2.31962E+00  9.67166E-02  8.97983E-01
Out  2.27500E-01  2.32028E+00  9.78194E-02  8.96577E-01
Out  2.28000E-01  2.32094E+00  9.89232E-02  8.95175E-01
Out  2.28500E-01  2.32160E+00  1.00028E-01  8.93777E-01
Out  2.29000E-01  2.32226E+00  1.01134E-01  8.92383E-01
Out  2.29500E-01  2.32292E+00  1.02241E-01  8.90993E-01
Out  2.30000E-01  2.32358E+00  1.03349E-01  8.89606E-01
Out  2.30500E-01  2.32424E+00  1.04458E-01  8.88223E-01
Out  2.31000E-01  2.32490E+00  1.05567E-01  8.86843E-01
Out  2.31500E-01  2.32556E+00  1.06678E-01  8.85467E-01
Out  2.32000E-01  2.32622E+00  1.07790E-01  8.84095E-01
Out  2.32500E-01  2.32688E+00  1.08903E-01  8.82727E-01
Out  2.33000E-01  2.32754E+00  1.10017E-01  8.81362E-01
Out  2.33500E-01  2.32820E+00  1.11132E-01  8.80001E-01
Out  2.34000E-01  2.32886E+00  1.12248E-01  8.78644E-01
Out  2.34500E-01  2.32952E+00  1.13365E-01  8.77290E-01
Out  2.35000E-01  2.33018E+00  1.14483E-01  8.75940E-01
Out  2.35500E-01  2.33084E+00  1.15602E-01  8.74593E-01
Out  2.36000E-01  2.33151E+00  1.16722E-01  8.73250E-01
Out  2.36500E-01  2.33217E+00  1.17843E-01  8.71911E-01
Out  2.37000E-01  2.33283E+00  1.18965E-01  8.70576E-01
Out  2.37500E-01  2.33349E+00  1.20089E-01  8.69244E-01
Out  2.38000E-01  2.33415E+00  1.21213E-01  8.67915E-01
Out  2.38500E-01  2.33481E+00  1.22338E-01  8.66591E-01
Out  2.39000E-01  2.33548E+00  1.23464E-01  8.65269E-01
Out  2.39500E-01  2.33614E+00  1.24591E-01  8.63952E-01
Out  2.40000E-01  2.33680E+00  1.25719E-01  8.62638E-01
Out  2.40500E-01  2.33746E+00  1.26848E-01  8.61328E-01
Out  2.41000E-01  2.33812E+00  1.27979E-01  8.60021E-01
Out  2.41500E-01  2.33879E+00  1.29110E-01  8.58718E-01
Out  2.42000E-01  2.33945E+00  1.30242E-01  8.57418E-01
Out  2.42500E-01  2.34011E+00  1.31375E-01  8.56122E-01
Out  2.43000E-01  2.34077E+00  1.32510E-01  8.54829E-01
Out  2.43500E-01  2.34144E+00  1.33645E-01  8.53540E-01
Out  2.44000E-01  2.34210E+00  1.34781E-01  8.52255E-01
Out  2.44500E-01  2.34276E+00  1.35919E-01  8.50973E-01
Out  2.45000E-01  2.34342E+00  1.37057E-01  8.49695E-01
Out  2.45500E-01  2.34409E+00  1.38196E-01  8.48420E-01
Out  2.46000E-01  2.34475E+00  1.39337E-01  8.47148E-01
Out  2.46500E-01  2.34541E+00  1.40478E-01  8.45881E-01
Out  2.47000E-01  2.34607E+00  1.41621E-01  8.44616E-01
Out  2.47500E-01  2.34674E+00  1.42764E-01  8.43355E-01
Out  2.48000E-01  2.34740E+00  1.43908E-01  8.42098E-01
Out  2.48500E-01  2.34806E+00  1.45054E-01  8.40844E-01
Out  2.49000E-01  2.34873E+00  1.46200E-01  8.39594E-01
Out  2.49500E-01  2.34939E+00  1.47348E-01  8.38347E-01
Out  2.50000E-01  2.35005E+00  1.48496E-01  8.37104E-01
Out  2.50500E-01  2.35071E+00  1.49646E-01  8.35864E-01
Out  2.51000E-01  2.35138E+00  1.50796E-01  8.34628E-01
Out  2.51500E-01  2.35204E+00  1.51948E-01  8.33395E-01
Out  2.52000E-01  2.35270E+00  1.53101E-01  8.32165E-01
Out  2.52500E-01  2.35337E+00  1.54254E-01  8.30939E-01
Out  2.53000E-01  2.35403E+00  1.55409E-01  8.29716E-01
Out  2.53500E-01  2.35469E+00  1.56564E-01  8.28497E-01
Out  2.54000E-01  2.35535E+00  1.57721E-01  8.27281E-01
Out  2.54500E-01  2.35602E+00  1.58879E-01  8.26069E-01
Out  2.55000E-01  2.35668E+00  1.60038E-01  8.24860E-01
Out  2.55500E-01  2.35734E+00  1.61197E-01  8.23655E-01
Out  2.56000E-01  2.35801E+00  1.62358E-01  8.22452E-01
Out  2.56500E-01  2.35867E+00  1.63520E-01  8.21254E-01
Out  2.57000E-01  2.35933E+00  1.64683E-01  8.20059E-01
Out  2.57500E-01  2.35999E+00  1.65846E-01  8.18867E-01
Out  2.58000E-01  2.36066E+00  1.67011E-01  8.17678E-01
Out  2.58500E-01  2.36132E+00  1.68177E-01  8.16493E-01
Out  2.59000E-01  2.36198E+00  1.69344E-01  8.15311E-01
Out  2.59500E-01  2.36264E+00  1.70512E-01  8.14133E-01
Out  2.60000E-01  2.36331E+00  1.71681E-01  8.12958E-01
Out  2.60500E-01  2.36397E+00  1.72850E-01  8.11786E-01
Out  2.61000E-01  2.36463E+00  1.74021E-01  8.10618E-01
Out  2.61500E-01  2.36529E+00  1.75193E-01  8.09453E-01
Out  2.62000E-01  2.36596E+00  1.76366E-01  8.08291E-01
Out  2.62500E-01  2.36662E+00  1.77540E-01  8.07133E-01
Out  2.63000E-01  2.36728E+00  1.78715E-01  8.05978E-01
Out  2.63500E-01  2.36794E+00  1.79891E-01  8.04827E-01
Out  2.64000E-01  2.36861E+00  1.81068E-01  8.03678E-01
Out  2.64500E-01  2.36927E+00  1.82246E-01  8.02533E-01
Out  2.65000E-01  2.36993E+00  1.83425E-01  8.01392E-01
Out  2.65500E-01  2.37059E+00  1.84605E-01  8.00254E-01
Out  2.66000E-01  2.37125E+00  1.85787E-01  7.99118E-01
Out  2.66500E-01  2.37191E+00  1.86969E-01  7.97987E-01
Out  2.67000E-01  2.37258E+00  1.88152E-01  7.96858E-01
Out  2.67500E-01  2.37324E+00  1.89336E-01  7.95733E-01
Out  2.68000E-01  2.37390E+00  1.90521E-01  7.94611E-01
Out  2.68500E-01  2.37456E+00  1.91707E-01  7.93493E-01
Out  2.69000E-01  2.37522E+00  1.92895E-01  7.92378E-01
Out  2.69500E-01  2.37588E+00  1.94083E-01  7.91266E-01
Out  2.70000E-01  2.37654E+00  1.95272E-01  7.90157E-01
Out  2.70500E-01  2.37721E+00  1.96462E-01  7.89051E-01
Out  2.71000E-01  2.37787E+00  1.97654E-01  7.87949E-01
Out  2.71500E-01  2.37853E+00  1.98846E-01  7.86850E-01
Out  2.72000E-01  2.37919E+00  2.00039E-01  7.85754E-01
Out  2.72500E-01  2.37985E+00  2.01234E-01  7.84662E-01
Out  2.73000E-01  2.38051E+00  2.02429E-01  7.83572E-01
Out  2.73500E-01  2.38117E+00  2.03625E-01  7.82486E-01
Out  2.74000E-01  2.38183E+00  2.04823E-01  7.81404E-01
Out  2.74500E-01  2.38249E+00  2.06021E-01  7.80324E-01
Out  2.75000E-01  2.38315E+00  2.07221E-01  7.79248E-01
Out  2.75500E-01  2.38381E+00  2.08421E-01  7.78174E-01
Out  2.76000E-01  2.38447E+00  2.09623E-01  7.77104E-01
Out  2.76500E-01  2.38513E+00  2.10825E-01  7.76038E-01
Out  2.77000E-01  2.38579E+00  2.12029E-01  7.74974E-01
Out  2.77500E-01  2.38645E+00  2.13233E-01  7.73914E-01
Out  2.78000E-01  2.38711E+00  2.14439E-01  7.72857E-01
Out  2.78500E-01  2.38776E+00  2.15645E-01  7.71803E-01
Out  2.79000E-01  2.38842E+00  2.16853E-01  7.70752E-01
Out  2.79500E-01  2.38908E+00  2.18061E-01  7.69704E-01
Out  2.80000E-01  2.38974E+00  2.19271E-01  7.68660E-01
Out  2.80500E-01  2.39040E+00  2.20482E-01  7.67618E-01
Out  2.81000E-01  2.39106E+00  2.21693E-01  7.66580E-01
Out  2.81500E-01  2.39172E+00  2.22906E-01  7.65545E-01
Out  2.82000E-01  2.39237E+00  2.24120E-01  7.64513E-01
Out  2.82500E-01  2.39303E+00  2.25334E-01  7.63484E-01
Out  2.83000E-01  2.39369E+00  2.26550E-01  7.62459E-01
Out  2.83500E-01  2.39435E+00  2.27767E-01  7.61436E-01
Out  2.84000E-01  2.39500E+00  2.28985E-01  7.60417E-01
Out  2.84500E-01  2.39566E+00  2.30203E-01  7.59401E-01
Out  2.85000E-01  2.39632E+00  2.31423E-01  7.58388E-01
Out  2.85500E-01  2.39697E+00  2.32644E-01  7.57378E-01
Out  2.86000E-01  2.39763E+00  2.33866E-01  7.56371E-01
Out  2.86500E-01  2.39829E+00  2.35089E-01  7.55367E-01
Out  2.87000E-01  2.39894E+00  2.36313E-01  7.54366E-01
Out  2.87500E-01  2.39960E+00  2.37537E-01  7.53369E-01
Out  2.88000E-01  2.40025E+00  2.38763E-01  7.52374E-01
Out  2.88500E-01  2.40091E+00  2.39990E-01  7.51383E-01
Out  2.89000E-01  2.40157E+00  2.41218E-01  7.50395E-01
Out  2.89500E-01  2.40222E+00  2.42447E-01  7.49409E-01
Out  2.90000E-01  2.40288E+00  2.43677E-01  7.48427E-01
Out  2.90500E-01  2.40353E+00  2.44908E-01  7.47448E-01
Out  2.91000E-01  2.40418E+00  2.46140E-01  7.46472E-01
Out  2.91500E-01  2.40484E+00  2.47373E-01  7.45499E-01
Out  2.92000E-01  2.40549E+00  2.48607E-01  7.44529E-01
Out  2.92500E-01  2.40615E+00  2.49842E-01  7.43562E-01
Out  2.93000E-01  2.40680E+00  2.51078E-01  7.42599E-01
Out  2.93500E-01  2.40745E+00  2.52316E-01  7.41638E-01
Out  2.94000E-01  2.40811E+00  2.53554E-01  7.40680E-01
Out  2.94500E-01  2.40876E+00  2.54793E-01  7.39725E-01
Out  2.95000E-01  2.40941E+00  2.56033E-01  7.38774E-01
Out  2.95500E-01  2.41007E+00  2.57274E-01  7.37825E-01
Out  2.96000E-01  2.41072E+00  2.58516E-01  7.36880E-01
Out  2.96500E-01  2.41137E+00  2.59760E-01  7.35937E-01
Out  2.97000E-01  2.41202E+00  2.61004E-01  7.34997E-01
Out  2.97500E-01  2.41267E+00  2.62249E-01  7.34061E-01
Out  2.98000E-01  2.41332E+00  2.63495E-01  7.33127E-01
Out  2.98500E-01  2.41398E+00  2.64742E-01  7.32197E-01
Out  2.99000E-01  2.41463E+00  2.65991E-01  7.31269E-01
Out  2.99500E-01  2.41528E+00  2.67240E-01  7.30345E-01
Out  3.00000E-01  2.41593E+00  2.68490E-01  7.29423E-01
Out  3.00500E-01  2.41658E+00  2.69742E-01  7.28504E-01
Out  3.01000E-01  2.41723E+00  2.70994E-01  7.27589E-01
Out  3.01500E-01  2.41788E+00  2.72247E-01  7.26676E-01
Out  3.02000E-01  2.41853E+00  2.73502E-01  7.25767E-01
Out  3.02500E-01  2.41917E+00  2.74757E-01  7.24860E-01
Out  3.03000E-01  2.41982E+00  2.76014E-01  7.23956E-01
Out  3.03500E-01  2.42047E+00  2.77271E-01  7.23055E-01
Out  3.04000E-01  2.42112E+00  2.78529E-01  7.22157E-01
Out  3.04500E-01  2.42177E+00  2.79789E-01  7.21263E-01
Out  3.05000E-01  2.42241E+00  2.81049E-01  7.20371E-01
Out  3.05500E-01  2.42306E+00  2.82311E-01  7.19482E-01
Out  3.06000E-01  2.42371E+00  2.83573E-01  7.18596E-01
Out  3.06500E-01  2.42436E+00  2.84837E-01  7.17712E-01
Out  3.07000E-01  2.42500E+00  2.86101E-01  7.16832E-01
Out  3.07500E-01  2.42565E+00  2.87367E-01  7.15955E-01
Out  3.08000E-01  2.42629E+00  2.88633E-01  7.15081E-01
Out  3.08500E-01  2.42694E+00  2.89901E-01  7.14209E-01
Out  3.09000E-01  2.42758E+00  2.91170E-01  7.13341E-01
Out  3.09500E-01  2.42823E+00  2.92439E-01  7.12475E-01
Out  3.10000E-01  2.42887E+00  2.93710E-01  7.11612E-01
Out  3.10500E-01  2.42952E+00  2.94981E-01  7.10752E-01
Out  3.11000E-01  2.43016E+00  2.96254E-01  7.09896E-01
Out  3.11500E-01  2.43081E+00  2.97528E-01  7.09042E-01
Out  3.12000E-01  2.43145E+00  2.98802E-01  7.08190E-01
Out  3.12500E-01  2.43209E+00  3.00078E-01  7.07342E-01
Out  3.13000E-01  2.43273E+00  3.01355E-01  7.06497E-01
Out  3.13500E-01  2.43338E+00  3.02632E-01  7.05654E-01
Out  3.14000E-01  2.43402E+00  3.03911E-01  7.04815E-01
Out  3.14500E-01  2.43466E+00  3.05191E-01  7.03978E-01
Out  3.15000E-01  2.43530E+00  3.06471E-01  7.03144E-01
Out  3.15500E-01  2.43594E+00  3.07753E-01  7.02313E-01
Out  3.16000E-01  2.43658E+00  3.09036E-01  7.01485E-01
Out  3.16500E-01  2.43722E+00  3.10320E-01  7.00660E-01
Out  3.17000E-01  2.43786E+00  3.11604E-01  6.99837E-01
Out  3.17500E-01  2.43850E+00  3.12890E-01  6.99018E-01
Out  3.18000E-01  2.43914E+00  3.14177E-01  6.98201E-01
Out  3.18500E-01  2.43978E+00  3.15465E-01  6.97387E-01
Out  3.19000E-01  2.44042E+00  3.16754E-01  6.96576E-01
Out  3.19500E-01  2.44106E+00  3.18044E-01  6.95767E-01
Out  3.20000E-01  2.44170E+00  3.19334E-01  6.94962E-01
Out  3.20500E-01  2.44233E+00  3.20626E-01  6.94159E-01
Out  3.21000E-01  2.44297E+00  3.21919E-01  6.93360E-01
Out  3.21500E-01  2.44361E+00  3.23213E-01  6.92563E-01
Out  3.22000E-01  2.44424E+00  3.24508E-01  6.91768E-01
Out  3.22500E-01  2.44488E+00  3.25804E-01  6.90977E-01
Out  3.23000E-01  2.44551E+00  3.27101E-01  6.90189E-01
Out  3.23500E-01  2.44615E+00  3.28399E-01  6.89403E-01
Out  3.24000E-01  2.44678E+00  3.29697E-01  6.88620E-01
Out  3.24500E-01  2.44742E+00  3.30997E-01  6.87840E-01
Out  3.25000E-01  2.44805E+00  3.32298E-01  6.87062E-01
Out  3.25500E-01  2.44869E+00  3.33600E-01  6.86288E-01
Out  3.26000E-01  2.44932E+00  3.34903E-01  6.85516E-01
Out  3.26500E-01  2.44995E+00  3.36207E-01  6.84747E-01
Out  3.27000E-01  2.45059E+00  3.37512E-01  6.83981E-01
Out  3.27500E-01  2.45122E+00  3.38818E-01  6.83217E-01
Out  3.28000E-01  2.45185E+00  3.40125E-01  6.82456E-01
Out  3.28500E-01  2.45248E+00  3.41433E-01  6.81699E-01
Out  3.29000E-01  2.45311E+00  3.42742E-01  6.80943E-01
Out  3.29500E-01  2.45374E+00  3.44052E-01  6.80191E-01
Out  3.30000E-01  2.45437E+00  3.45363E-01  6.79441E-01
Out  3.30500E-01  2.45500E+00  3.46675E-01  6.78694E-01
Out  3.31000E-01  2.45563E+00  3.47988E-01  6.77950E-01
Out  3.31500E-01  2.45626E+00  3.49302E-01  6.77209E-01
Out  3.32000E-01  2.45689E+00  3.50617E-01  6.76470E-01
Out  3.32500E-01  2.45752E+00  3.51933E-01  6.75734E-01
Out  3.33000E-01  2.45814E+00  3.53250E-01  6.75001E-01
Out  3.33500E-01  2.45877E+00  3.54568E-01  6.74270E-01
Out  3.34000E-01  2.45940E+00  3.55887E-01  6.73543E-01
Out  3.34500E-01  2.46002E+00  3.57208E-01  6.72818E-01
Out  3.35000E-01  2.46065E+00  3.58529E-01  6.72095E-01
Out  3.35500E-01  2.46127E+00  3.59851E-01  6.71376E-01
Out  3.36000E-01  2.46190E+00  3.61174E-01  6.70659E-01
Out  3.36500E-01  2.46252E+00  3.62498E-01  6.69945E-01
Out  3.37000E-01  2.46315E+00  3.63823E-01  6.69233E-01
Out  3.37500E-01  2.46377E+00  3.65149E-01  6.68524E-01
Out  3.38000E-01  2.46439E+00  3.66476E-01  6.67818E-01
Out  3.38500E-01  2.46502E+00  3.67804E-01  6.67115E-01
Out  3.39000E-01  2.46564E+00  3.69133E-01  6.66414E-01
Out  3.39500E-01  2.46626E+00  3.70463E-01  6.65716E-01
Out  3.40000E-01  2.46688E+00  3.71795E-01  6.65021E-01
Out  3.40500E-01  2.46750E+00  3.73127E-01  6.64328E-01
Out  3.41000E-01  2.46812E+00  3.74460E-01  6.63638E-01
Out  3.41500E-01  2.46874E+00  3.75794E-01  6.62951E-01
Out  3.42000E-01  2.46936E+00  3.77129E-01  6.62266E-01
Out  3.42500E-01  2.46998E+00  3.78465E-01  6.61584E-01
Out  3.43000E-01  2.47060E+00  3.79802E-01  6.60905E-01
Out  3.43500E-01  2.47122E+00  3.81140E-01  6.60228E-01
Out  3.44000E-01  2.47184E+00  3.82480E-01  6.59555E-01
Out  3.44500E-01  2.47245E+00  3.83820E-01  6.58883E-01
Out  3.45000E-01  2.47307E+00  3.85161E-01  6.58215E-01
Out  3.45500E-01  2.47369E+00  3.86503E-01  6.57549E-01
Out  3.46000E-01  2.47430E+00  3.87846E-01  6.56885E-01
Out  3.46500E-01  2.47492E+00  3.89190E-01  6.56225E-01
Out  3.47000E-01  2.47553E+00  3.90535E-01  6.55566E-01
Out  3.47500E-01  2.47614E+00  3.91881E-01  6.54911E-01
Out  3.48000E-01  2.47676E+00  3.93229E-01  6.54258E-01
Out  3.48500E-01  2.47737E+00  3.94577E-01  6.53608E-01
Out  3.49000E-01  2.47798E+00  3.95926E-01  6.52960E-01
Out  3.49500E-01  2.47860E+00  3.97276E-01  6.52316E-01
Out  3.50000E-01  2.47921E+00  3.98627E-01  6.51673E-01
Out  3.50500E-01  2.47982E+00  3.99979E-01  6.51034E-01
Out  3.51000E-01  2.48043E+00  4.01332E-01  6.50397E-01
Out  3.51500E-01  2.48104E+00  4.02686E-01  6.49762E-01
Out  3.52000E-01  2.48165E+00  4.04042E-01  6.49130E-01
Out  3.52500E-01  2.48226E+00  4.05398E-01  6.48501E-01
Out  3.53000E-01  2.48287E+00  4.06755E-01  6.47874E-01
Out  3.53500E-01  2.48347E+00  4.08113E-01  6.47250E-01
Out  3.54000E-01  2.48408E+00  4.09472E-01  6.46629E-01
Out  3.54500E-01  2.48469E+00  4.10832E-01  6.46010E-01
Out  3.55000E-01  2.48529E+00  4.12193E-01  6.45394E-01
Out  3.55500E-01  2.48590E+00  4.13555E-01  6.44780E-01
Out  3.56000E-01  2.48651E+00  4.14918E-01  6.44169E-01
Out  3.56500E-01  2.48711E+00  4.16282E-01  6.43560E-01
Out  3.57000E-01  2.48771E+00  4.17647E-01  6.42955E-01
Out  3.57500E-01  2.48832E+00  4.19014E-01  6.42351E-01
Out  3.58000E-01  2.48892E+00  4.20381E-01  6.41750E-01
Out  3.58500E-01  2.48952E+00  4.21749E-01  6.41152E-01
Out  3.59000E-01  2.49013E+00  4.23118E-01  6.40556E-01
Out  3.59500E-01  2.49073E+00  4.24488E-01  6.39963E-01
Out  3.60000E-01  2.49133E+00  4.25859E-01  6.39373E-01
Out  3.60500E-01  2.49193E+00  4.27231E-01  6.38785E-01
Out  3.61000E-01  2.49253E+00  4.28604E-01  6.38199E-01
Out  3.61500E-01  2.49313E+00  4.29978E-01  6.37617E-01
Out  3.62000E-01  2.49373E+00  4.31353E-01  6.37036E-01
Out  3.62500E-01  2.49432E+00  4.32729E-01  6.36459E-01
Out  3.63000E-01  2.49492E+00  4.34106E-01  6.35883E-01
Out  3.63500E-01  2.49552E+00  4.35484E-01  6.35311E-01
Out  3.64000E-01  2.49611E+00  4.36863E-01  6.34740E-01
Out  3.64500E-01  2.49671E+00  4.38243E-01  6.34173E-01
Out  3.65000E-01  2.49730E+00  4.39624E-01  6.33608E-01
Out  3.65500E-01  2.49790E+00  4.41005E-01  6.33045E-01
Out  3.66000E-01  2.49849E+00  4.42388E-01  6.32485E-01
Out  3.66500E-01  2.49909E+00  4.43772E-01  6.31928E-01
Out  3.67000E-01  2.49968E+00  4.45157E-01  6.31373E-01
Out  3.67500E-01  2.50027E+00  4.46543E-01  6.30820E-01
Out  3.68000E-01  2.50086E+00  4.47930E-01  6.30270E-01
Out  3.68500E-01  2.50145E+00  4.49318E-01  6.29723E-01
Out  3.69000E-01  2.50204E+00  4.50707E-01  6.29178E-01
Out  3.69500E-01  2.50263E+00  4.52096E-01  6.28635E-01
Out  3.70000E-01  2.50322E+00  4.53487E-01  6.28095E-01
Out  3.70500E-01  2.50381E+00  4.54879E-01  6.27558E-01
Out  3.71000E-01  2.50440E+00  4.56272E-01  6.27023E-01
Out  3.71500E-01  2.50499E+00  4.57666E-01  6.26491E-01
Out  3.72000E-01  2.50557E+00  4.59060E-01  6.25961E-01
Out  3.72500E-01  2.50616E+00  4.60456E-01  6.25433E-01
Out  3.73000E-01  2.50674E+00  4.61853E-01  6.24908E-01
Out  3.73500E-01  2.50733E+00  4.63251E-01  6.24386E-01
Out  3.74000E-01  2.50791E+00  4.64649E-01  6.23866E-01
Out  3.74500E-01  2.50850E+00  4.66049E-01  6.23348E-01
Out  3.75000E-01  2.50908E+00  4.67450E-01  6.22833E-01
Out  3.75500E-01  2.50966E+00  4.68851E-01  6.22321E-01
Out  3.76000E-01  2.51024E+00  4.70254E-01  6.21811E-01
Out  3.76500E-01  2.51082E+00  4.71658E-01  6.21303E-01
Out  3.77000E-01  2.51140E+00  4.73062E-01  6.20798E-01
Out  3.77500E-01  2.51198E+00  4.74468E-01  6.20295E-01
Out  3.78000E-01  2.51256E+00  4.75874E-01  6.19795E-01
Out  3.78500E-01  2.51314E+00  4.77282E-01  6.19297E-01
Out  3.79000E-01  2.51372E+00  4.78690E-01  6.18802E-01
Out  3.79500E-01  2.51430E+00  4.80100E-01  6.18309E-01
Out  3.80000E-01  2.51487E+00  4.81510E-01  6.17818E-01
Out  3.80500E-01  2.51545E+00  4.82922E-01  6.17330E-01
Out  3.81000E-01  2.51602E+00  4.84334E-01  6.16845E-01
Out  3.81500E-01  2.51660E+00  4.85748E-01  6.16362E-01
Out  3.82000E-01  2.51717E+00  4.87162E-01  6.15881E-01
Out  3.82500E-01  2.51775E+00  4.88577E-01  6.15403E-01
Out  3.83000E-01  2.51832E+00  4.89994E-01  6.14927E-01
Out  3.83500E-01  2.51889E+00  4.91411E-01  6.14454E-01
Out  3.84000E-01  2.51946E+00  4.92829E-01  6.13983E-01
Out  3.84500E-01  2.52003E+00  4.94249E-01  6.13514E-01
Out  3.85000E-01  2.52060E+00  4.95669E-01  6.13048E-01
Out  3.85500E-01  2.52117E+00  4.97090E-01  6.12585E-01
Out  3.86000E-01  2.52174E+00  4.98512E-01  6.12124E-01
Out  3.86500E-01  2.52231E+00  4.99936E-01  6.11665E-01
Out  3.87000E-01  2.52287E+00  5.01360E-01  6.11208E-01
Out  3.87500E-01  2.52344E+00  5.02785E-01  6.10754E-01
Out  3.88000E-01  2.52401E+00  5.04211E-01  6.10303E-01
Out  3.88500E-01  2.52457E+00  5.05638E-01  6.09854E-01
Out  3.89000E-01  2.52513E+00  5.07066E-01  6.09407E-01
Out  3.89500E-01  2.52570E+00  5.08495E-01  6.08963E-01
Out  3.90000E-01  2.52626E+00  5.09925E-01  6.08521E-01
Out  3.90500E-01  2.52682E+00  5.11356E-01  6.08081E-01
Out  3.91000E-01  2.52738E+00  5.12788E-01  6.07644E-01
Out  3.91500E-01  2.52794E+00  5.14221E-01  6.07209E-01
Out  3.92000E-01  2.52850E+00  5.15655E-01  6.06777E-01
Out  3.92500E-01  2.52906E+00  5.17090E-01  6.06347E-01
Out  3.93000E-01  2.52962E+00  5.18526E-01  6.05919E-01
Out  3.93500E-01  2.53018E+00  5.19962E-01  6.05494E-01
Out  3.94000E-01  2.53074E+00  5.21400E-01  6.05071E-01
Out  3.94500E-01  2.53129E+00  5.22839E-01  6.04651E-01
Out  3.95000E-01  2.53185E+00  5.24279E-01  6.04233E-01
Out  3.95500E-01  2.53240E+00  5.25719E-01  6.03817E-01
Out  3.96000E-01  2.53296E+00  5.27161E-01  6.03404E-01
Out  3.96500E-01  2.53351E+00  5.28604E-01  6.02993E-01
Out  3.97000E-01  2.53406E+00  5.30047E-01  6.02584E-01
Out  3.97500E-01  2.53462E+00  5.31492E-01  6.02178E-01
Out  3.98000E-01  2.53517E+00  5.32937E-01  6.01774E-01
Out  3.98500E-01  2.53572E+00  5.34384E-01  6.01373E-01
Out  3.99000E-01  2.53627E+00  5.35831E-01  6.00974E-01
Out  3.99500E-01  2.53682E+00  5.37280E-01  6.00577E-01
Out  4.00000E-01  2.53737E+00  5.38729E-01  6.00183E-01
