Out  0.00000E+00  2.13806E+00 -3.19609E-01  2.04476E+00
Out  5.00000E-04  2.13817E+00 -3.18867E-01  2.04080E+00
Out  1.00000E-03  2.13828E+00 -3.18124E-01  2.03686E+00
Out  1.50000E-03  2.13840E+00 -3.17380E-01  2.03292E+00
Out  2.00000E-03  2.13851E+00 -3.16635E-01  2.02899E+00
Out  2.50000E-03  2.13863E+00 -3.15890E-01  2.02506E+00
Out  3.00000E-03  2.13875E+00 -3.15144E-01  2.02115E+00
Out  3.50000E-03  2.13888E+00 -3.14398E-01  2.01724E+00
Out  4.00000E-03  2.13900E+00 -3.13651E-01  2.01334E+00
Out  4.50000E-03  2.13913E+00 -3.12903E-01  2.00945E+00
Out  5.00000E-03  2.13926E+00 -3.12155E-01  2.00557E+00
Out  5.50000E-03  2.13939E+00 -3.11406E-01  2.00170E+00
Out  6.00000E-03  2.13952E+00 -3.10656E-01  1.99783E+00
Out  6.50000E-03  2.13965E+00 -3.09906E-01  1.99397E+00
Out  7.00000E-03  2.13979E+00 -3.09155E-01  1.99012E+00
Out  7.50000E-03  2.13992E+00 -3.08403E-01  1.98628E+00
Out  8.00000E-03  2.14006E+00 -3.07651E-01  1.98244E+00
Out  8.50000E-03  2.14020E+00 -3.06898E-01  1.97861E+00
Out  9.00000E-03  2.14035E+00 -3.06144E-01  1.97479E+00
Out  9.50000E-03  2.14049E+00 -3.05390E-01  1.97098E+00
Out  1.00000E-02  2.14064E+00 -3.04635E-01  1.96718E+00
Out  1.05000E-02  2.14078E+00 -3.03879E-01  1.96338E+00
Out  1.10000E-02  2.14093E+00 -3.03123E-01  1.95959E+00
Out  1.15000E-02  2.14109E+00 -3.02366E-01  1.95581E+00
Out  1.20000E-02  2.14124E+00 -3.01608E-01  1.95204E+00
Out  1.25000E-02  2.14139E+00 -3.00850E-01  1.94827E+00
Out  1.30000E-02  2.14155E+00 -3.00091E-01  1.94452E+00
Out  1.35000E-02  2.14171E+00 -2.99331E-01  1.94077E+00
Out  1.40000E-02  2.14187E+00 -2.98571E-01  1.93702E+00
Out  1.45000E-02  2.14203E+00 -2.97809E-01  1.93329E+00
Out  1.50000E-02  2.14219E+00 -2.97048E-01  1.92956E+00
Out  1.55000E-02  2.14236E+00 -2.96285E-01  1.92584E+00
Out  1.60000E-02  2.14253E+00 -2.95522E-01  1.92213E+00
Out  1.65000E-02  2.14270E+00 -2.94759E-01  1.91843E+00
Out  1.70000E-02  2.14287E+00 -2.93994E-01  1.91473E+00
Out  1.75000E-02  2.14304E+00 -2.93229E-01  1.91104E+00
Out  1.80000E-02  2.14321E+00 -2.92463E-01  1.90736E+00
Out  1.85000E-02  2.14339E+00 -2.91697E-01  1.90369E+00
Out  1.90000E-02  2.14356E+00 -2.90930E-01  1.90002E+00
Out  1.95000E-02  2.14374E+00 -2.90162E-01  1.89636E+00
Out  2.00000E-02  2.14392E+00 -2.89393E-01  1.89271E+00
Out  2.05000E-02  2.14411E+00 -2.88624E-01  1.88907E+00
Out  2.10000E-02  2.14429E+00 -2.87854E-01  1.88543E+00
Out  2.15000E-02  2.14448E+00 -2.87084E-01  1.88180E+00
Out  2.20000E-02  2.14466E+00 -2.86312E-01  1.87818E+00
Out  2.25000E-02  2.14485E+00 -2.85540E-01  1.87457E+00
Out  2.30000E-02  2.14504E+00 -2.84768E-01  1.87096E+00
Out  2.35000E-02  2.14523E+00 -2.83994E-01  1.86736E+00
Out  2.40000E-02  2.14543E+00 -2.83220E-01  1.86377E+00
Out  2.45000E-02  2.14562E+00 -2.82446E-01  1.86019E+00
Out  2.50000E-02  2.14582E+00 -2.81670E-01  1.85661E+00
Out  2.55000E-02  2.14602E+00 -2.80894E-01  1.85304E+00
Out  2.60000E-02  2.14622E+00 -2.80117E-01  1.84948E+00
Out  2.65000E-02  2.14642E+00 -2.79340E-01  1.84593E+00
Out  2.70000E-02  2.14662E+00 -2.78562E-01  1.84238E+00
Out  2.75000E-02  2.14683E+00 -2.77783E-01  1.83884E+00
Out  2.80000E-02  2.14704E+00 -2.77003E-01  1.83531E+00
Out  2.85000E-02  2.14724E+00 -2.76223E-01  1.83178E+00
Out  2.90000E-02  2.14745E+00 -2.75442E-01  1.82827E+00
Out  2.95000E-02  2.14767E+00 -2.74660E-01  1.82476E+00
Out  3.00000E-02  2.14788E+00 -2.73878E-01  1.82125E+00
Out  3.05000E-02  2.14809E+00 -2.73094E-01  1.81776E+00
Out  3.10000E-02  2.14831E+00 -2.72311E-01  1.81427E+00
Out  3.15000E-02  2.14853E+00 -2.71526E-01  1.81079E+00
Out  3.20000E-02  2.14875E+00 -2.70741E-01  1.80731E+00
Out  3.25000E-02  2.14897E+00 -2.69955E-01  1.80385E+00
Out  3.30000E-02  2.14919E+00 -2.69168E-01  1.80039E+00
Out  3.35000E-02  2.14941E+00 -2.68381E-01  1.79694E+00
Out  3.40000E-02  2.14964E+00 -2.67593E-01  1.79349E+00
Out  3.45000E-02  2.14987E+00 -2.66804E-01  1.79005E+00
Out  3.50000E-02  2.15009E+00 -2.66014E-01  1.78662E+00
Out  3.55000E-02  2.15032E+00 -2.65224E-01  1.78320E+00
Out  3.60000E-02  2.15056E+00 -2.64433E-01  1.77978E+00
Out  3.65000E-02  2.15079E+00 -2.63641E-01  1.77637E+00
Out  3.70000E-02  2.15102E+00 -2.62849E-01  1.77297E+00
Out  3.75000E-02  2.15126E+00 -2.62056E-01  1.76957E+00
Out  3.80000E-02  2.15150E+00 -2.61262E-01  1.76619E+00
Out  3.85000E-02  2.15174E+00 -2.60468E-01  1.76280E+00
Out  3.90000E-02  2.15198E+00 -2.59672E-01  1.75943E+00
Out  3.95000E-02  2.15222E+00 -2.58876E-01  1.75606E+00
Out  4.00000E-02  2.15246E+00 -2.58080E-01  1.75270E+00
Out  4.05000E-02  2.15271E+00 -2.57282E-01  1.74935E+00
Out  4.10000E-02  2.15295E+00 -2.56484E-01  1.74600E+00
Out  4.15000E-02  2.15320E+00 -2.55685E-01  1.74266E+00
Out  4.20000E-02  2.15345E+00 -2.54886E-01  1.73933E+00
Out  4.25000E-02  2.15370E+00 -2.54085E-01  1.73601E+00
Out  4.30000E-02  2.15395E+00 -2.53284E-01  1.73269E+00
Out  4.35000E-02  2.15421E+00 -2.52483E-01  1.72938E+00
Out  4.40000E-02  2.15446E+00 -2.51680E-01  1.72607E+00
Out  4.45000E-02  2.15472E+00 -2.50877E-01  1.72278E+00
Out  4.50000E-02  2.15498E+00 -2.50073E-01  1.71949E+00
Out  4.55000E-02  2.15524E+00 -2.49268E-01  1.71620E+00
Out  4.60000E-02  2.15550E+00 -2.48463E-01  1.71293E+00
Out  4.65000E-02  2.15576E+00 -2.47657E-01  1.70966E+00
Out  4.70000E-02  2.15602E+00 -2.46850E-01  1.70639E+00
Out  4.75000E-02  2.15629E+00 -2.46042E-01  1.70314E+00
Out  4.80000E-02  2.15656E+00 -2.45234E-01  1.69989E+00
Out  4.85000E-02  2.15682E+00 -2.44425E-01  1.69665E+00
Out  4.90000E-02  2.15709E+00 -2.43615E-01  1.69341E+00
Out  4.95000E-02  2.15736E+00 -2.42804E-01  1.69018E+00
Out  5.00000E-02  2.15764E+00 -2.41993E-01  1.68696E+00
Out  5.05000E-02  2.15791E+00 -2.41181E-01  1.68374E+00
Out  5.10000E-02  2.15819E+00 -2.40368E-01  1.68053E+00
Out  5.15000E-02  2.15846E+00 -2.39554E-01  1.67733E+00
Out  5.20000E-02  2.15874E+00 -2.38740E-01  1.67414E+00
Out  5.25000E-02  2.15902E+00 -2.37925E-01  1.67095E+00
Out  5.30000E-02  2.15930E+00 -2.37109E-01  1.66777E+00
Out  5.35000E-02  2.15958E+00 -2.36293E-01  1.66459E+00
Out  5.40000E-02  2.15986E+00 -2.35476E-01  1.66143E+00
Out  5.45000E-02  2.16015E+00 -2.34658E-01  1.65826E+00
Out  5.50000E-02  2.16044E+00 -2.33839E-01  1.65511E+00
Out  5.55000E-02  2.16072E+00 -2.33019E-01  1.65196E+00
Out  5.60000E-02  2.16101E+00 -2.32199E-01  1.64882E+00
Out  5.65000E-02  2.16130E+00 -2.31378E-01  1.64568E+00
Out  5.70000E-02  2.16159E+00 -2.30556E-01  1.64256E+00
Out  5.75000E-02  2.16188E+00 -2.29734E-01  1.63943E+00
Out  5.80000E-02  2.16218E+00 -2.28911E-01  1.63632E+00
Out  5.85000E-02  2.16247E+00 -2.28087E-01  1.63321E+00
Out  5.90000E-02  2.16277E+00 -2.27262E-01  1.63011E+00
Out  5.95000E-02  2.16307E+00 -2.26436E-01  1.62701E+00
Out  6.00000E-02  2.16337E+00 -2.25610E-01  1.62393E+00
Out  6.05000E-02  2.16367E+00 -2.24783E-01  1.62084E+00
Out  6.10000E-02  2.16397E+00 -2.23955E-01  1.61777E+00
Out  6.15000E-02  2.16427E+00 -2.23127E-01  1.61470E+00
Out  6.20000E-02  2.16458E+00 -2.22298E-01  1.61164E+00
Out  6.25000E-02  2.16488E+00 -2.21467E-01  1.60858E+00
Out  6.30000E-02  2.16519E+00 -2.20637E-01  1.60553E+00
Out  6.35000E-02  2.16550E+00 -2.19805E-01  1.60249E+00
Out  6.40000E-02  2.16581E+00 -2.18973E-01  1.59945E+00
Out  6.45000E-02  2.16612E+00 -2.18140E-01  1.59642E+00
Out  6.50000E-02  2.16643E+00 -2.17306E-01  1.59340E+00
Out  6.55000E-02  2.16674E+00 -2.16471E-01  1.59038E+00
Out  6.60000E-02  2.16706E+00 -2.15636E-01  1.58737E+00
Out  6.65000E-02  2.16737E+00 -2.14800E-01  1.58436E+00
Out  6.70000E-02  2.16769E+00 -2.13963E-01  1.58136E+00
Out  6.75000E-02  2.16801E+00 -2.13125E-01  1.57837E+00
Out  6.80000E-02  2.16833E+00 -2.12287E-01  1.57539E+00
Out  6.85000E-02  2.16865E+00 -2.11448E-01  1.57241E+00
Out  6.90000E-02  2.16897E+00 -2.10608E-01  1.56943E+00
Out  6.95000E-02  2.16930E+00 -2.09767E-01  1.56647E+00
Out  7.00000E-02  2.16962E+00 -2.08925E-01  1.56351E+00
Out  7.05000E-02  2.16995E+00 -2.08083E-01  1.56055E+00
Out  7.10000E-02  2.17027E+00 -2.07240E-01  1.55761E+00
Out  7.15000E-02  2.17060E+00 -2.06396E-01  1.55467E+00
Out  7.20000E-02  2.17093E+00 -2.05552E-01  1.55173E+00
Out  7.25000E-02  2.17126E+00 -2.04706E-01  1.54880E+00
Out  7.30000E-02  2.17159E+00 -2.03860E-01  1.54588E+00
Out  7.35000E-02  2.17192E+00 -2.03013E-01  1.54296E+00
Out  7.40000E-02  2.17226E+00 -2.02166E-01  1.54005E+00
Out  7.45000E-02  2.17259E+00 -2.01317E-01  1.53715E+00
Out  7.50000E-02  2.17293E+00 -2.00468E-01  1.53425E+00
Out  7.55000E-02  2.17327E+00 -1.99618E-01  1.53136E+00
Out  7.60000E-02  2.17361E+00 -1.98767E-01  1.52848E+00
Out  7.65000E-02  2.17395E+00 -1.97916E-01  1.52560E+00
Out  7.70000E-02  2.17429E+00 -1.97063E-01  1.52272E+00
Out  7.75000E-02  2.17463E+00 -1.96210E-01  1.51986E+00
Out  7.80000E-02  2.17497E+00 -1.95356E-01  1.51700E+00
Out  7.85000E-02  2.17532E+00 -1.94501E-01  1.51414E+00
Out  7.90000E-02  2.17566E+00 -1.93646E-01  1.51129E+00
Out  7.95000E-02  2.17601E+00 -1.92790E-01  1.50845E+00
Out  8.00000E-02  2.17636E+00 -1.91933E-01  1.50562E+00
Out  8.05000E-02  2.17671E+00 -1.91075E-01  1.50279E+00
Out  8.10000E-02  2.17706E+00 -1.90216E-01  1.49996E+00
Out  8.15000E-02  2.17741E+00 -1.89357E-01  1.49714E+00
Out  8.20000E-02  2.17776E+00 -1.88497E-01  1.49433E+00
Out  8.25000E-02  2.17812E+00 -1.87636E-01  1.49153E+00
Out  8.30000E-02  2.17847E+00 -1.86774E-01  1.48873E+00
Out  8.35000E-02  2.17883E+00 -1.85911E-01  1.48593E+00
Out  8.40000E-02  2.17918E+00 -1.85048E-01  1.48315E+00
Out  8.45000E-02  2.17954E+00 -1.84184E-01  1.48036E+00
Out  8.50000E-02  2.17990E+00 -1.83319E-01  1.47759E+00
Out  8.55000E-02  2.18026E+00 -1.82453E-01  1.47482E+00
Out  8.60000E-02  2.18062E+00 -1.81587E-01  1.47205E+00
Out  8.65000E-02  2.18098E+00 -1.80720E-01  1.46930E+00
Out  8.70000E-02  2.18135E+00 -1.79852E-01  1.46655E+00
Out  8.75000E-02  2.18171E+00 -1.78983E-01  1.46380E+00
Out  8.80000E-02  2.18208E+00 -1.78113E-01  1.46106E+00
Out  8.85000E-02  2.18244E+00 -1.77243E-01  1.45833E+00
Out  8.90000E-02  2.18281E+00 -1.76371E-01  1.45560E+00
Out  8.95000E-02  2.18318E+00 -1.75499E-01  1.45287E+00
Out  9.00000E-02  2.18355E+00 -1.74627E-01  1.45016E+00
Out  9.05000E-02  2.18392E+00 -1.73753E-01  1.44745E+00
Out  9.10000E-02  2.18429E+00 -1.72879E-01  1.44474E+00
Out  9.15000E-02  2.18467E+00 -1.72003E-01  1.44204E+00
Out  9.20000E-02  2.18504E+00 -1.71127E-01  1.43935E+00
Out  9.25000E-02  2.18542E+00 -1.70250E-01  1.43666E+00
Out  9.30000E-02  2.18579E+00 -1.69373E-01  1.43398E+00
Out  9.35000E-02  2.18617E+00 -1.68494E-01  1.43131E+00
Out  9.40000E-02  2.18655E+00 -1.67615E-01  1.42864E+00
Out  9.45000E-02  2.18693E+00 -1.66735E-01  1.42597E+00
Out  9.50000E-02  2.18731E+00 -1.65854E-01  1.42332E+00
Out  9.55000E-02  2.18769E+00 -1.64973E-01  1.42066E+00
Out  9.60000E-02  2.18807E+00 -1.64090E-01  1.41802E+00
Out  9.65000E-02  2.18845E+00 -1.63207E-01  1.41538E+00
Out  9.70000E-02  2.18884E+00 -1.62323E-01  1.41274E+00
Out  9.75000E-02  2.18922E+00 -1.61438E-01  1.41011E+00
Out  9.80000E-02  2.18961E+00 -1.60553E-01  1.40749E+00
Out  9.85000E-02  2.19000E+00 -1.59666E-01  1.40487E+00
Out  9.90000E-02  2.19039E+00 -1.58779E-01  1.40226E+00
Out  9.95000E-02  2.19078E+00 -1.57891E-01  1.39965E+00
Out  1.00000E-01  2.19117E+00 -1.57002E-01  1.39705E+00
Out  1.00500E-01  2.19156E+00 -1.56112E-01  1.39446E+00
Out  1.01000E-01  2.19195E+00 -1.55222E-01  1.39187E+00
Out  1.01500E-01  2.19234E+00 -1.54330E-01  1.38928E+00
Out  1.02000E-01  2.19274E+00 -1.53438E-01  1.38670E+00
Out  1.02500E-01  2.19313E+00 -1.52545E-01  1.38413E+00
Out  1.03000E-01  2.19353E+00 -1.51652E-01  1.38157E+00
Out  1.03500E-01  2.19392E+00 -1.50757E-01  1.37900E+00
Out  1.04000E-01  2.19432E+00 -1.49862E-01  1.37645E+00
Out  1.04500E-01  2.19472E+00 -1.48965E-01  1.37390E+00
Out  1.05000E-01  2.19512E+00 -1.48068E-01  1.37135E+00
Out  1.05500E-01  2.19552E+00 -1.47171E-01  1.36881E+00
Out  1.06000E-01  2.19592E+00 -1.46272E-01  1.36628E+00
Out  1.06500E-01  2.19633E+00 -1.45373E-01  1.36375E+00
Out  1.07000E-01  2.19673E+00 -1.44472E-01  1.36123E+00
Out  1.07500E-01  2.19713E+00 -1.43571E-01  1.35871E+00
Out  1.08000E-01  2.19754E+00 -1.42669E-01  1.35620E+00
Out  1.08500E-01  2.19795E+00 -1.41767E-01  1.35370E+00
Out  1.09000E-01  2.19835E+00 -1.40863E-01  1.35120E+00
Out  1.09500E-01  2.19876E+00 -1.39959E-01  1.34870E+00
Out  1.10000E-01  2.19917E+00 -1.39054E-01  1.34621E+00
Out  1.10500E-01  2.19958E+00 -1.38148E-01  1.34373E+00
Out  1.11000E-01  2.19999E+00 -1.37241E-01  1.34125E+00
Out  1.11500E-01  2.20040E+00 -1.36333E-01  1.33878E+00
Out  1.12000E-01  2.20082E+00 -1.35425E-01  1.33631E+00
Out  1.12500E-01  2.20123E+00 -1.34516E-01  1.33385E+00
Out  1.13000E-01  2.20164E+00 -1.33606E-01  1.33139E+00
Out  1.13500E-01  2.20206E+00 -1.32695E-01  1.32894E+00
Out  1.14000E-01  2.20247E+00 -1.31783E-01  1.32649E+00
Out  1.14500E-01  2.20289E+00 -1.30870E-01  1.32405E+00
Out  1.15000E-01  2.20331E+00 -1.29957E-01  1.32162E+00
Out  1.15500E-01  2.20373E+00 -1.29043E-01  1.31919E+00
Out  1.16000E-01  2.20415E+00 -1.28128E-01  1.31676E+00
Out  1.16500E-01  2.20457E+00 -1.27212E-01  1.31434E+00
Out  1.17000E-01  2.20499E+00 -1.26295E-01  1.31193E+00
Out  1.17500E-01  2.20541E+00 -1.25378E-01  1.30952E+00
Out  1.18000E-01  2.20583E+00 -1.24459E-01  1.30712E+00
Out  1.18500E-01  2.20626E+00 -1.23540E-01  1.30472E+00
Out  1.19000E-01  2.20668E+00 -1.22620E-01  1.30233E+00
Out  1.19500E-01  2.20711E+00 -1.21699E-01  1.29994E+00
Out  1.20000E-01  2.20754E+00 -1.20778E-01  1.29756E+00
Out  1.20500E-01  2.20796E+00 -1.19855E-01  1.29518E+00
Out  1.21000E-01  2.20839E+00 -1.18932E-01  1.29281E+00
Out  1.21500E-01  2.20882E+00 -1.18008E-01  1.29044E+00
Out  1.22000E-01  2.20925E+00 -1.17083E-01  1.28808E+00
Out  1.22500E-01  2.20968E+00 -1.16157E-01  1.28573E+00
Out  1.23000E-01  2.21011E+00 -1.15230E-01  1.28338E+00
Out  1.23500E-01  2.21054E+00 -1.14303E-01  1.28103E+00
Out  1.24000E-01  2.21098E+00 -1.13375E-01  1.27869E+00
Out  1.24500E-01  2.21141E+00 -1.12446E-01  1.27636E+00
Out  1.25000E-01  2.21184E+00 -1.11516E-01  1.27403E+00
Out  1.25500E-01  2.21228E+00 -1.10585E-01  1.27170E+00
Out  1.26000E-01  2.21271E+00 -1.09653E-01  1.26938E+00
Out  1.26500E-01  2.21315E+00 -1.08721E-01  1.26707E+00
Out  1.27000E-01  2.21359E+00 -1.07787E-01  1.26476E+00
Out  1.27500E-01  2.21403E+00 -1.06853E-01  1.26245E+00
Out  1.28000E-01  2.21447E+00 -1.05918E-01  1.26016E+00
Out  1.28500E-01  2.21491E+00 -1.04982E-01  1.25786E+00
Out  1.29000E-01  2.21535E+00 -1.04046E-01  1.25557E+00
Out  1.29500E-01  2.21579E+00 -1.03108E-01  1.25329E+00
Out  1.30000E-01  2.21623E+00 -1.02170E-01  1.25101E+00
Out  1.30500E-01  2.21667E+00 -1.01231E-01  1.24874E+00
Out  1.31000E-01  2.21712E+00 -1.00291E-01  1.24647E+00
Out  1.31500E-01  2.21756E+00 -9.93498E-02  1.24421E+00
Out  1.32000E-01  2.21801E+00 -9.84081E-02  1.24195E+00
Out  1.32500E-01  2.21845E+00 -9.74655E-02  1.23970E+00
Out  1.33000E-01  2.21890E+00 -9.65222E-02  1.23745E+00
Out  1.33500E-01  2.21935E+00 -9.55779E-02  1.23520E+00
Out  1.34000E-01  2.21979E+00 -9.46329E-02  1.23297E+00
Out  1.34500E-01  2.22024E+00 -9.36870E-02  1.23073E+00
Out  1.35000E-01  2.22069E+00 -9.27402E-02  1.22851E+00
Out  1.35500E-01  2.22114E+00 -9.17926E-02  1.22628E+00
Out  1.36000E-01  2.22159E+00 -9.08442E-02  1.22406E+00
Out  1.36500E-01  2.22205E+00 -8.98949E-02  1.22185E+00
Out  1.37000E-01  2.22250E+00 -8.89448E-02  1.21964E+00
Out  1.37500E-01  2.22295E+00 -8.79938E-02  1.21744E+00
Out  1.38000E-01  2.22340E+00 -8.70420E-02  1.21524E+00
Out  1.38500E-01  2.22386E+00 -8.60893E-02  1.21305E+00
Out  1.39000E-01  2.22431E+00 -8.51358E-02  1.21086E+00
Out  1.39500E-01  2.22477E+00 -8.41814E-02  1.20868E+00
Out  1.40000E-01  2.22523E+00 -8.32262E-02  1.20650E+00
Out  1.40500E-01  2.22568E+00 -8.22702E-02  1.20433E+00
Out  1.41000E-01  2.22614E+00 -8.13132E-02  1.20216E+00
Out  1.41500E-01  2.22660E+00 -8.03555E-02  1.19999E+00
Out  1.42000E-01  2.22706E+00 -7.93969E-02  1.19783E+00
Out  1.42500E-01  2.22752E+00 -7.84374E-02  1.19568E+00
Out  1.43000E-01  2.22798E+00 -7.74771E-02  1.19353E+00
Out  1.43500E-01  2.22844E+00 -7.65160E-02  1.19139E+00
Out  1.44000E-01  2.22890E+00 -7.55540E-02  1.18925E+00
Out  1.44500E-01  2.22937E+00 -7.45911E-02  1.18711E+00
Out  1.45000E-01  2.22983E+00 -7.36274E-02  1.18498E+00
Out  1.45500E-01  2.23029E+00 -7.26629E-02  1.18286E+00
Out  1.46000E-01  2.23076E+00 -7.16974E-02  1.18074E+00
Out  1.46500E-01  2.23122E+00 -7.07312E-02  1.17862E+00
Out  1.47000E-01  2.23169E+00 -6.97641E-02  1.17651E+00
Out  1.47500E-01  2.23216E+00 -6.87961E-02  1.17441E+00
Out  1.48000E-01  2.23262E+00 -6.78273E-02  1.17231E+00
Out  1.48500E-01  2.23309E+00 -6.68576E-02  1.17021E+00
Out  1.49000E-01  2.23356E+00 -6.58870E-02  1.16812E+00
Out  1.49500E-01  2.23403E+00 -6.49157E-02  1.16603E+00
Out  1.50000E-01  2.23450E+00 -6.39434E-02  1.16395E+00
Out  1.50500E-01  2.23497E+00 -6.29703E-02  1.16187E+00
Out  1.51000E-01  2.23544E+00 -6.19964E-02  1.15980E+00
Out  1.51500E-01  2.23591E+00 -6.10215E-02  1.15773E+00
Out  1.52000E-01  2.23638E+00 -6.00459E-02  1.15567E+00
Out  1.52500E-01  2.23685E+00 -5.90693E-02  1.15361E+00
Out  1.53000E-01  2.23733E+00 -5.80920E-02  1.15156E+00
Out  1.53500E-01  2.23780E+00 -5.71137E-02  1.14951E+00
Out  1.54000E-01  2.23828E+00 -5.61346E-02  1.14746E+00
Out  1.54500E-01  2.23875E+00 -5.51547E-02  1.14542E+00
Out  1.55000E-01  2.23923E+00 -5.41738E-02  1.14339E+00
Out  1.55500E-01  2.23970E+00 -5.31922E-02  1.14136E+00
Out  1.56000E-01  2.24018E+00 -5.22096E-02  1.13933E+00
Out  1.56500E-01  2.24066E+00 -5.12262E-02  1.13731E+00
Out  1.57000E-01  2.24113E+00 -5.02420E-02  1.13529E+00
Out  1.57500E-01  2.24161E+00 -4.92568E-02  1.13328E+00
Out  1.58000E-01  2.24209E+00 -4.82709E-02  1.13127E+00
Out  1.58500E-01  2.24257E+00 -4.72840E-02  1.12927E+00
Out  1.59000E-01  2.24305E+00 -4.62963E-02  1.12727E+00
Out  1.59500E-01  2.24353E+00 -4.53077E-02  1.12528E+00
Out  1.60000E-01  2.24401E+00 -4.43183E-02  1.12329E+00
Out  1.60500E-01  2.24450E+00 -4.33280E-02  1.12131E+00
Out  1.61000E-01  2.24498E+00 -4.23369E-02  1.11933E+00
Out  1.61500E-01  2.24546E+00 -4.13448E-02  1.11735E+00
Out  1.62000E-01  2.24594E+00 -4.03520E-02  1.11538E+00
Out  1.62500E-01  2.24643E+00 -3.93582E-02  1.11341E+00
Out  1.63000E-01  2.24691E+00 -3.83636E-02  1.11145E+00
Out  1.63500E-01  2.24740E+00 -3.73681E-02  1.10950E+00
Out  1.64000E-01  2.24788E+00 -3.63718E-02  1.10754E+00
Out  1.64500E-01  2.24837E+00 -3.53746E-02  1.10560E+00
Out  1.65000E-01  2.24886E+00 -3.43765E-02  1.10365E+00
Out  1.65500E-01  2.24934E+00 -3.33776E-02  1.10171E+00
Out  1.66000E-01  2.24983E+00 -3.23778E-02  1.09978E+00
Out  1.66500E-01  2.25032E+00 -3.13771E-02  1.09785E+00
Out  1.67000E-01  2.25081E+00 -3.03755E-02  1.09592E+00
Out  1.67500E-01  2.25130E+00 -2.93731E-02  1.09400E+00
Out  1.68000E-01  2.25179E+00 -2.83699E-02  1.09208E+00
Out  1.68500E-01  2.25228E+00 -2.73657E-02  1.09017E+00
Out  1.69000E-01  2.25277E+00 -2.63607E-02  1.08826E+00
Out  1.69500E-01  2.25326E+00 -2.53548E-02  1.08636E+00
Out  1.70000E-01  2.25375E+00 -2.43481E-02  1.08446E+00
Out  1.70500E-01  2.25424E+00 -2.33405E-02  1.08256E+00
Out  1.71000E-01  2.25474E+00 -2.23320E-02  1.08067E+00
Out  1.71500E-01  2.25523E+00 -2.13226E-02  1.07879E+00
Out  1.72000E-01  2.25572E+00 -2.03124E-02  1.07691E+00
Out  1.72500E-01  2.25622E+00 -1.93013E-02  1.07503E+00
Out  1.73000E-01  2.25671E+00 -1.82893E-02  1.07316E+00
Out  1.73500E-01  2.25721E+00 -1.72765E-02  1.07129E+00
Out  1.74000E-01  2.25770E+00 -1.62628E-02  1.06942E+00
Out  1.74500E-01  2.25820E+00 -1.52482E-02  1.06756E+00
Out  1.75000E-01  2.25869E+00 -1.42327E-02  1.06571E+00
Out  1.75500E-01  2.25919E+00 -1.32164E-02  1.06386E+00
Out  1.76000E-01  2.25969E+00 -1.21992E-02  1.06201E+00
Out  1.76500E-01  2.26019E+00 -1.11811E-02  1.06017E+00
Out  1.77000E-01  2.26068E+00 -1.01622E-02  1.05833E+00
Out  1.77500E-01  2.26118E+00 -9.14237E-03  1.05650E+00
Out  1.78000E-01  2.26168E+00 -8.12168E-03  1.05467E+00
Out  1.78500E-01  2.26218E+00 -7.10012E-03  1.05284E+00
Out  1.79000E-01  2.26268E+00 -6.07768E-03  1.05102E+00
Out  1.79500E-01  2.26318E+00 -5.05436E-03  1.04920E+00
Out  1.80000E-01  2.26368E+00 -4.03017E-03  1.04739E+00
Out  1.80500E-01  2.26418E+00 -3.00511E-03  1.04558E+00
Out  1.81000E-01  2.26469E+00 -1.97917E-03  1.04378E+00
Out  1.81500E-01  2.26519E+00 -9.52361E-04  1.04198E+00
Out  1.82000E-01  2.26569E+00  7.53291E-05  1.04018E+00
Out  1.82500E-01  2.26619E+00  1.10389E-03  1.03839E+00
Out  1.83000E-01  2.26670E+00  2.13333E-03  1.03660E+00
Out  1.83500E-01  2.26720E+00  3.16365E-03  1.03482E+00
Out  1.84000E-01  2.26770E+00  4.19485E-03  1.03304E+00
Out  1.84500E-01  2.26821E+00  5.22691E-03  1.03127E+00
Out  1.85000E-01  2.26871E+00  6.25986E-03  1.02950E+00
Out  1.85500E-01  2.26922E+00  7.29369E-03  1.02773E+00
Out  1.86000E-01  2.26972E+00  8.32839E-03  1.02597E+00
Out  1.86500E-01  2.27023E+00  9.36397E-03  1.02421E+00
Out  1.87000E-01  2.27074E+00  1.04004E-02  1.02246E+00
Out  1.87500E-01  2.27124E+00  1.14378E-02  1.02071E+00
Out  1.88000E-01  2.27175E+00  1.24760E-02  1.01896E+00
Out  1.88500E-01  2.27226E+00  1.35151E-02  1.01722E+00
Out  1.89000E-01  2.27277E+00  1.45551E-02  1.01548E+00
Out  1.89500E-01  2.27327E+00  1.55959E-02  1.01375E+00
Out  1.90000E-01  2.27378E+00  1.66376E-02  1.01202E+00
Out  1.90500E-01  2.27429E+00  1.76802E-02  1.01029E+00
Out  1.91000E-01  2.27480E+00  1.87237E-02  1.00857E+00
Out  1.91500E-01  2.27531E+00  1.97681E-02  1.00686E+00
Out  1.92000E-01  2.27582E+00  2.08134E-02  1.00514E+00
Out  1.92500E-01  2.27633E+00  2.18595E-02  1.00344E+00
Out  1.93000E-01  2.27684E+00  2.29065E-02  1.00173E+00
Out  1.93500E-01  2.27735E+00  2.39544E-02  1.00003E+00
Out  1.94000E-01  2.27786E+00  2.50032E-02  9.98335E-01
Out  1.94500E-01  2.27838E+00  2.60528E-02  9.96642E-01
Out  1.95000E-01  2.27889E+00  2.71034E-02  9.94954E-01
Out  1.95500E-01  2.27940E+00  2.81548E-02  9.93270E-01
Out  1.96000E-01  2.27991E+00  2.92071E-02  9.91590E-01
Out  1.96500E-01  2.28043E+00  3.02603E-02  9.89913E-01
Out  1.97000E-01  2.28094E+00  3.13144E-02  9.88241E-01
Out  1.97500E-01  2.28145E+00  3.23693E-02  9.86573E-01
Out  1.98000E-01  2.28197E+00  3.34251E-02  9.84909E-01
Out  1.98500E-01  2.28248E+00  3.44819E-02  9.83249E-01
Out  1.99000E-01  2.28300E+00  3.55395E-02  9.81592E-01
Out  1.99500E-01  2.28351E+00  3.65979E-02  9.79940E-01
Out  2.00000E-01  2.28403E+00  3.76573E-02  9.78292E-01
Out  2.00500E-01  2.28454E+00  3.87176E-02  9.76647E-01
Out  2.01000E-01  2.28506E+00  3.97787E-02  9.75007E-01
Out  2.01500E-01  2.28558E+00  4.08407E-02  9.73371E-01
Out  2.02000E-01  2.28609E+00  4.19036E-02  9.71738E-01
Out  2.02500E-01  2.28661E+00  4.29674E-02  9.70110E-01
Out  2.03000E-01  2.28713E+00  4.40321E-02  9.68485E-01
Out  2.03500E-01  2.28764E+00  4.50976E-02  9.66864E-01
Out  2.04000E-01  2.28816E+00  4.61641E-02  9.65248E-01
Out  2.04500E-01  2.28868E+00  4.72314E-02  9.63635E-01
Out  2.05000E-01  2.28920E+00  4.82996E-02  9.62026E-01
Out  2.05500E-01  2.28972E+00  4.93687E-02  9.60421E-01
Out  2.06000E-01  2.29023E+00  5.04387E-02  9.58819E-01
Out  2.06500E-01  2.29075E+00  5.15096E-02  9.57222E-01
Out  2.07000E-01  2.29127E+00  5.25813E-02  9.55629E-01
Out  2.07500E-01  2.29179E+00  5.36540E-02  9.54039E-01
Out  2.08000E-01  2.29231E+00  5.47275E-02  9.52454E-01
Out  2.08500E-01  2.29283E+00  5.58019E-02  9.50872E-01
Out  2.09000E-01  2.29335E+00  5.68772E-02  9.49294E-01
Out  2.09500E-01  2.29387E+00  5.79534E-02  9.47720E-01
Out  2.10000E-01  2.29439E+00  5.90305E-02  9.46149E-01
Out  2.10500E-01  2.29491E+00  6.01085E-02  9.44583E-01
Out  2.11000E-01  2.29544E+00  6.11873E-02  9.43020E-01
Out  2.11500E-01  2.29596E+00  6.22671E-02  9.41461E-01
Out  2.12000E-01  2.29648E+00  6.33477E-02  9.39906E-01
Out  2.12500E-01  2.29700E+00  6.44292E-02  9.38355E-01
Out  2.13000E-01  2.29752E+00  6.55116E-02  9.36807E-01
Out  2.13500E-01  2.29805E+00  6.65949E-02  9.35264E-01
Out  2.14000E-01  2.29857E+00  6.76791E-02  9.33724E-01
Out  2.14500E-01  2.29909E+00  6.87642E-02  9.32188E-01
Out  2.15000E-01  2.29961E+00  6.98501E-02  9.30656E-01
Out  2.15500E-01  2.30014E+00  7.09370E-02  9.29127E-01
Out  2.16000E-01  2.30066E+00  7.20247E-02  9.27602E-01
Out  2.16500E-01  2.30119E+00  7.31133E-02  9.26081E-01
Out  2.17000E-01  2.30171E+00  7.42029E-02  9.24564E-01
Out  2.17500E-01  2.30223E+00  7.52933E-02  9.23050E-01
Out  2.18000E-01  2.30276E+00  7.63846E-02  9.21540E-01
Out  2.18500E-01  2.30328E+00  7.74767E-02  9.20034E-01
Out  2.19000E-01  2.30381E+00  7.85698E-02  9.18532E-01
Out  2.19500E-01  2.30433E+00  7.96638E-02  9.17033E-01
Out  2.20000E-01  2.30486E+00  8.07586E-02  9.15538E-01
Out  2.20500E-01  2.30538E+00  8.18544E-02  9.14047E-01
Out  2.21000E-01  2.30591E+00  8.29510E-02  9.12559E-01
Out  2.21500E-01  2.30643E+00  8.40485E-02  9.11075E-01
Out  2.22000E-01  2.30696E+00  8.51470E-02  9.09595E-01
Out  2.22500E-01  2.30749E+00  8.62463E-02  9.08119E-01
Out  2.23000E-01  2.30801E+00  8.73465E-02  9.06646E-01
Out  2.23500E-01  2.30854E+00  8.84476E-02  9.05177E-01
Out  2.24000E-01  2.30907E+00  8.95495E-02  9.03711E-01
Out  2.24500E-01  2.30959E+00  9.06524E-02  9.02249E-01
Out  2.25000E-01  2.31012E+00  9.17562E-02  9.00791E-01
Out  2.25500E-01  2.31065E+00  9.28608E-02  8.99336E-01
Out  2.26000E-01  2.31117E+00  9.39664E-02  8.97885E-01
Out  2.26500E-01  2.31170E+00  9.50728E-02  8.96438E-01
Out  2.27000E-01  2.31223E+00  9.61801E-02  8.94994E-01
Out  2.27500E-01  2.31276E+00  9.72884E-02  8.93554E-01
Out  2.28000E-01  2.31328E+00  9.83975E-02  8.92118E-01
Out  2.28500E-01  2.31381E+00  9.95075E-02  8.90685E-01
Out  2.29000E-01  2.31434E+00  1.00618E-01  8.89255E-01
Out  2.29500E-01  2.31487E+00  1.01730E-01  8.87830E-01
Out  2.30000E-01  2.31540E+00  1.02843E-01  8.86407E-01
Out  2.30500E-01  2.31592E+00  1.03956E-01  8.84989E-01
Out  2.31000E-01  2.31645E+00  1.05071E-01  8.83574E-01
Out  2.31500E-01  2.31698E+00  1.06186E-01  8.82162E-01
Out  2.32000E-01  2.31751E+00  1.07303E-01  8.80754E-01
Out  2.32500E-01  2.31804E+00  1.08420E-01  8.79350E-01
Out  2.33000E-01  2.31857E+00  1.09538E-01  8.77949E-01
Out  2.33500E-01  2.31910E+00  1.10657E-01  8.76552E-01
Out  2.34000E-01  2.31963E+00  1.11776E-01  8.75158E-01
Out  2.34500E-01  2.32016E+00  1.12897E-01  8.73768E-01
Out  2.35000E-01  2.32069E+00  1.14019E-01  8.72382E-01
Out  2.35500E-01  2.32122E+00  1.15141E-01  8.70998E-01
Out  2.36000E-01  2.32175E+00  1.16265E-01  8.69619E-01
Out  2.36500E-01  2.32228E+00  1.17389E-01  8.68243E-01
Out  2.37000E-01  2.32281E+00  1.18514E-01  8.66870E-01
Out  2.37500E-01  2.32334E+00  1.19640E-01  8.65501E-01
Out  2.38000E-01  2.32387E+00  1.20767E-01  8.64135E-01
Out  2.38500E-01  2.32440E+00  1.21895E-01  8.62773E-01
Out  2.39000E-01  2.32493E+00  1.23024E-01  8.61414E-01
Out  2.39500E-01  2.32546E+00  1.24153E-01  8.60059E-01
Out  2.40000E-01  2.32599E+00  1.25284E-01  8.58708E-01
Out  2.40500E-01  2.32652E+00  1.26415E-01  8.57359E-01
Out  2.41000E-01  2.32705E+00  1.27548E-01  8.56014E-01
Out  2.41500E-01  2.32758E+00  1.28681E-01  8.54673E-01
Out  2.42000E-01  2.32811E+00  1.29815E-01  8.53335E-01
Out  2.42500E-01  2.32864E+00  1.30950E-01  8.52001E-01
Out  2.43000E-01  2.32917E+00  1.32086E-01  8.50670E-01
Out  2.43500E-01  2.32970E+00  1.33223E-01  8.49342E-01
Out  2.44000E-01  2.33023E+00  1.34361E-01  8.48018E-01
Out  2.44500E-01  2.33077E+00  1.35499E-01  8.46697E-01
Out  2.45000E-01  2.33130E+00  1.36639E-01  8.45380E-01
Out  2.45500E-01  2.33183E+00  1.37779E-01  8.44066E-01
Out  2.46000E-01  2.33236E+00  1.38920E-01  8.42755E-01
Out  2.46500E-01  2.33289E+00  1.40062E-01  8.41448E-01
Out  2.47000E-01  2.33342E+00  1.41206E-01  8.40144E-01
Out  2.47500E-01  2.33395E+00  1.42350E-01  8.38843E-01
Out  2.48000E-01  2.33448E+00  1.43494E-01  8.37546E-01
Out  2.48500E-01  2.33502E+00  1.44640E-01  8.36253E-01
Out  2.49000E-01  2.33555E+00  1.45787E-01  8.34962E-01
Out  2.49500E-01  2.33608E+00  1.46934E-01  8.33675E-01
Out  2.50000E-01  2.33661E+00  1.48083E-01  8.32392E-01
Out  2.50500E-01  2.33714E+00  1.49232E-01  8.31112E-01
Out  2.51000E-01  2.33767E+00  1.50382E-01  8.29835E-01
Out  2.51500E-01  2.33821E+00  1.51533E-01  8.28561E-01
Out  2.52000E-01  2.33874E+00  1.52685E-01  8.27291E-01
Out  2.52500E-01  2.33927E+00  1.53838E-01  8.26024E-01
Out  2.53000E-01  2.33980E+00  1.54992E-01  8.24760E-01
Out  2.53500E-01  2.34033E+00  1.56147E-01  8.23500E-01
Out  2.54000E-01  2.34086E+00  1.57302E-01  8.22243E-01
Out  2.54500E-01  2.34140E+00  1.58459E-01  8.20989E-01
Out  2.55000E-01  2.34193E+00  1.59616E-01  8.19739E-01
Out  2.55500E-01  2.34246E+00  1.60775E-01  8.18492E-01
Out  2.56000E-01  2.34299E+00  1.61934E-01  8.17248E-01
Out  2.56500E-01  2.34352E+00  1.63094E-01  8.16008E-01
Out  2.57000E-01  2.34405E+00  1.64255E-01  8.14770E-01
Out  2.57500E-01  2.34459E+00  1.65417E-01  8.13536E-01
Out  2.58000E-01  2.34512E+00  1.66579E-01  8.12306E-01
Out  2.58500E-01  2.34565E+00  1.67743E-01  8.11078E-01
Out  2.59000E-01  2.34618E+00  1.68908E-01  8.09854E-01
Out  2.59500E-01  2.34671E+00  1.70073E-01  8.08633E-01
Out  2.60000E-01  2.34724E+00  1.71239E-01  8.07416E-01
Out  2.60500E-01  2.34777E+00  1.72407E-01  8.06201E-01
Out  2.61000E-01  2.34831E+00  1.73575E-01  8.04990E-01
Out  2.61500E-01  2.34884E+00  1.74744E-01  8.03782E-01
Out  2.62000E-01  2.34937E+00  1.75914E-01  8.02577E-01
Out  2.62500E-01  2.34990E+00  1.77084E-01  8.01376E-01
Out  2.63000E-01  2.35043E+00  1.78256E-01  8.00177E-01
Out  2.63500E-01  2.35096E+00  1.79429E-01  7.98982E-01
Out  2.64000E-01  2.35149E+00  1.80602E-01  7.97791E-01
Out  2.64500E-01  2.35203E+00  1.81777E-01  7.96602E-01
Out  2.65000E-01  2.35256E+00  1.82952E-01  7.95416E-01
Out  2.65500E-01  2.35309E+00  1.84128E-01  7.94234E-01
Out  2.66000E-01  2.35362E+00  1.85305E-01  7.93055E-01
Out  2.66500E-01  2.35415E+00  1.86483E-01  7.91879E-01
Out  2.67000E-01  2.35468E+00  1.87662E-01  7.90706E-01
Out  2.67500E-01  2.35521E+00  1.88842E-01  7.89537E-01
Out  2.68000E-01  2.35574E+00  1.90023E-01  7.88370E-01
Out  2.68500E-01  2.35627E+00  1.91204E-01  7.87207E-01
Out  2.69000E-01  2.35680E+00  1.92387E-01  7.86047E-01
Out  2.69500E-01  2.35734E+00  1.93570E-01  7.84890E-01
Out  2.70000E-01  2.35787E+00  1.94754E-01  7.83736E-01
Out  2.70500E-01  2.35840E+00  1.95939E-01  7.82586E-01
Out  2.71000E-01  2.35893E+00  1.97125E-01  7.81438E-01
Out  2.71500E-01  2.35946E+00  1.98312E-01  7.80294E-01
Out  2.72000E-01  2.35999E+00  1.99500E-01  7.79152E-01
Out  2.72500E-01  2.36052E+00  2.00689E-01  7.78014E-01
Out  2.73000E-01  2.36105E+00  2.01878E-01  7.76879E-01
Out  2.73500E-01  2.36158E+00  2.03069E-01  7.75747E-01
Out  2.74000E-01  2.36211E+00  2.04260E-01  7.74619E-01
Out  2.74500E-01  2.36264E+00  2.05453E-01  7.73493E-01
Out  2.75000E-01  2.36317E+00  2.06646E-01  7.72370E-01
Out  2.75500E-01  2.36370E+00  2.07840E-01  7.71251E-01
Out  2.76000E-01  2.36423E+00  2.09035E-01  7.70134E-01
Out  2.76500E-01  2.36476E+00  2.10231E-01  7.69021E-01
Out  2.77000E-01  2.36528E+00  2.11427E-01  7.67911E-01
Out  2.77500E-01  2.36581E+00  2.12625E-01  7.66803E-01
Out  2.78000E-01  2.36634E+00  2.13824E-01  7.65699E-01
Out  2.78500E-01  2.36687E+00  2.15023E-01  7.64598E-01
Out  2.79000E-01  2.36740E+00  2.16223E-01  7.63500E-01
Out  2.79500E-01  2.36793E+00  2.17425E-01  7.62405E-01
Out  2.80000E-01  2.36846E+00  2.18627E-01  7.61313E-01
Out  2.80500E-01  2.36899E+00  2.19830E-01  7.60225E-01
Out  2.81000E-01  2.36951E+00  2.21034E-01  7.59139E-01
Out  2.81500E-01  2.37004E+00  2.22238E-01  7.58056E-01
Out  2.82000E-01  2.37057E+00  2.23444E-01  7.56976E-01
Out  2.82500E-01  2.37110E+00  2.24651E-01  7.55900E-01
Out  2.83000E-01  2.37163E+00  2.25858E-01  7.54826E-01
Out  2.83500E-01  2.37215E+00  2.27067E-01  7.53755E-01
Out  2.84000E-01  2.37268E+00  2.28276E-01  7.52687E-01
Out  2.84500E-01  2.37321E+00  2.29486E-01  7.51623E-01
Out  2.85000E-01  2.37374E+00  2.30697E-01  7.50561E-01
Out  2.85500E-01  2.37426E+00  2.31909E-01  7.49502E-01
Out  2.86000E-01  2.37479E+00  2.33122E-01  7.48447E-01
Out  2.86500E-01  2.37532E+00  2.34336E-01  7.47394E-01
Out  2.87000E-01  2.37584E+00  2.35550E-01  7.46344E-01
Out  2.87500E-01  2.37637E+00  2.36766E-01  7.45298E-01
Out  2.88000E-01  2.37690E+00  2.37982E-01  7.44254E-01
Out  2.88500E-01  2.37742E+00  2.39200E-01  7.43213E-01
Out  2.89000E-01  2.37795E+00  2.40418E-01  7.42175E-01
Out  2.89500E-01  2.37847E+00  2.41637E-01  7.41141E-01
Out  2.90000E-01  2.37900E+00  2.42857E-01  7.40109E-01
Out  2.90500E-01  2.37952E+00  2.44078E-01  7.39080E-01
Out  2.91000E-01  2.38005E+00  2.45300E-01  7.38054E-01
Out  2.91500E-01  2.38057E+00  2.46522E-01  7.37031E-01
Out  2.92000E-01  2.38110E+00  2.47746E-01  7.36011E-01
Out  2.92500E-01  2.38162E+00  2.48970E-01  7.34993E-01
Out  2.93000E-01  2.38215E+00  2.50196E-01  7.33979E-01
Out  2.93500E-01  2.38267E+00  2.51422E-01  7.32968E-01
Out  2.94000E-01  2.38320E+00  2.52649E-01  7.31960E-01
Out  2.94500E-01  2.38372E+00  2.53877E-01  7.30954E-01
Out  2.95000E-01  2.38424E+00  2.55106E-01  7.29952E-01
Out  2.95500E-01  2.38477E+00  2.56336E-01  7.28952E-01
Out  2.96000E-01  2.38529E+00  2.57567E-01  7.27955E-01
Out  2.96500E-01  2.38581E+00  2.58798E-01  7.26961E-01
Out  2.97000E-01  2.38634E+00  2.60031E-01  7.25970E-01
Out  2.97500E-01  2.38686E+00  2.61264E-01  7.24982E-01
Out  2.98000E-01  2.38738E+00  2.62498E-01  7.23997E-01
Out  2.98500E-01  2.38790E+00  2.63733E-01  7.23015E-01
Out  2.99000E-01  2.38843E+00  2.64969E-01  7.22036E-01
Out  2.99500E-01  2.38895E+00  2.66206E-01  7.21059E-01
Out  3.00000E-01  2.38947E+00  2.67444E-01  7.20085E-01
Out  3.00500E-01  2.38999E+00  2.68683E-01  7.19115E-01
Out  3.01000E-01  2.39051E+00  2.69923E-01  7.18147E-01
Out  3.01500E-01  2.39103E+00  2.71163E-01  7.17182E-01
Out  3.02000E-01  2.39155E+00  2.72404E-01  7.16220E-01
Out  3.02500E-01  2.39207E+00  2.73647E-01  7.15260E-01
Out  3.03000E-01  2.39259E+00  2.74890E-01  7.14304E-01
Out  3.03500E-01  2.39311E+00  2.76134E-01  7.13350E-01
Out  3.04000E-01  2.39363E+00  2.77379E-01  7.12399E-01
Out  3.04500E-01  2.39415E+00  2.78625E-01  7.11451E-01
Out  3.05000E-01  2.39467E+00  2.79871E-01  7.10506E-01
Out  3.05500E-01  2.39519E+00  2.81119E-01  7.09564E-01
Out  3.06000E-01  2.39571E+00  2.82368E-01  7.08624E-01
Out  3.06500E-01  2.39623E+00  2.83617E-01  7.07687E-01
Out  3.07000E-01  2.39675E+00  2.84867E-01  7.06754E-01
Out  3.07500E-01  2.39727E+00  2.86118E-01  7.05823E-01
Out  3.08000E-01  2.39778E+00  2.87370E-01  7.04894E-01
Out  3.08500E-01  2.39830E+00  2.88623E-01  7.03969E-01
Out  3.09000E-01  2.39882E+00  2.89877E-01  7.03046E-01
Out  3.09500E-01  2.39934E+00  2.91132E-01  7.02126E-01
Out  3.10000E-01  2.39985E+00  2.92388E-01  7.01209E-01
Out  3.10500E-01  2.40037E+00  2.93644E-01  7.00295E-01
Out  3.11000E-01  2.40088E+00  2.94901E-01  6.99383E-01
Out  3.11500E-01  2.40140E+00  2.96160E-01  6.98475E-01
Out  3.12000E-01  2.40192E+00  2.97419E-01  6.97569E-01
Out  3.12500E-01  2.40243E+00  2.98679E-01  6.96665E-01
Out  3.13000E-01  2.40295E+00  2.99940E-01  6.95765E-01
Out  3.13500E-01  2.40346E+00  3.01202E-01  6.94867E-01
Out  3.14000E-01  2.40398E+00  3.02464E-01  6.93972E-01
Out  3.14500E-01  2.40449E+00  3.03728E-01  6.93080E-01
Out  3.15000E-01  2.40500E+00  3.04992E-01  6.92191E-01
Out  3.15500E-01  2.40552E+00  3.06258E-01  6.91304E-01
Out  3.16000E-01  2.40603E+00  3.07524E-01  6.90420E-01
Out  3.16500E-01  2.40654E+00  3.08791E-01  6.89539E-01
Out  3.17000E-01  2.40706E+00  3.10059E-01  6.88661E-01
Out  3.17500E-01  2.40757E+00  3.11328E-01  6.87785E-01
Out  3.18000E-01  2.40808E+00  3.12598E-01  6.86912E-01
Out  3.18500E-01  2.40859E+00  3.13869E-01  6.86042E-01
Out  3.19000E-01  2.40911E+00  3.15140E-01  6.85174E-01
Out  3.19500E-01  2.40962E+00  3.16413E-01  6.84309E-01
Out  3.20000E-01  2.41013E+00  3.17686E-01  6.83447E-01
Out  3.20500E-01  2.41064E+00  3.18960E-01  6.82588E-01
Out  3.21000E-01  2.41115E+00  3.20235E-01  6.81731E-01
Out  3.21500E-01  2.41166E+00  3.21511E-01  6.80877E-01
Out  3.22000E-01  2.41217E+00  3.22788E-01  6.80026E-01
Out  3.22500E-01  2.41268E+00  3.24066E-01  6.79177E-01
Out  3.23000E-01  2.41319E+00  3.25345E-01  6.78331E-01
Out  3.23500E-01  2.41369E+00  3.26624E-01  6.77488E-01
Out  3.24000E-01  2.41420E+00  3.27905E-01  6.76647E-01
Out  3.24500E-01  2.41471E+00  3.29186E-01  6.75809E-01
Out  3.25000E-01  2.41522E+00  3.30468E-01  6.74974E-01
Out  3.25500E-01  2.41573E+00  3.31751E-01  6.74142E-01
Out  3.26000E-01  2.41623E+00  3.33035E-01  6.73312E-01
Out  3.26500E-01  2.41674E+00  3.34320E-01  6.72485E-01
Out  3.27000E-01  2.41725E+00  3.35606E-01  6.71660E-01
Out  3.27500E-01  2.41775E+00  3.36892E-01  6.70838E-01
Out  3.28000E-01  2.41826E+00  3.38180E-01  6.70019E-01
Out  3.28500E-01  2.41876E+00  3.39468E-01  6.69202E-01
Out  3.29000E-01  2.41927E+00  3.40757E-01  6.68388E-01
Out  3.29500E-01  2.41977E+00  3.42047E-01  6.67577E-01
Out  3.30000E-01  2.42028E+00  3.43338E-01  6.66768E-01
Out  3.30500E-01  2.42078E+00  3.44630E-01  6.65962E-01
Out  3.31000E-01  2.42128E+00  3.45923E-01  6.65159E-01
Out  3.31500E-01  2.42179E+00  3.47217E-01  6.64358E-01
Out  3.32000E-01  2.42229E+00  3.48511E-01  6.63560E-01
Out  3.32500E-01  2.42279E+00  3.49807E-01  6.62764E-01
Out  3.33000E-01  2.42329E+00  3.51103E-01  6.61971E-01
Out  3.33500E-01  2.42380E+00  3.52400E-01  6.61181E-01
Out  3.34000E-01  2.42430E+00  3.53698E-01  6.60393E-01
Out  3.34500E-01  2.42480E+00  3.54997E-01  6.59608E-01
Out  3.35000E-01  2.42530E+00  3.56297E-01  6.58826E-01
Out  3.35500E-01  2.42580E+00  3.57597E-01  6.58046E-01
Out  3.36000E-01  2.42630E+00  3.58899E-01  6.57269E-01
Out  3.36500E-01  2.42680E+00  3.60201E-01  6.56494E-01
Out  3.37000E-01  2.42730E+00  3.61505E-01  6.55722E-01
Out  3.37500E-01  2.42779E+00  3.62809E-01  6.54952E-01
Out  3.38000E-01  2.42829E+00  3.64114E-01  6.54185E-01
Out  3.38500E-01  2.42879E+00  3.65420E-01  6.53421E-01
Out  3.39000E-01  2.42929E+00  3.66727E-01  6.52659E-01
Out  3.39500E-01  2.42978E+00  3.68035E-01  6.51900E-01
Out  3.40000E-01  2.43028E+00  3.69343E-01  6.51143E-01
Out  3.40500E-01  2.43078E+00  3.70653E-01  6.50389E-01
Out  3.41000E-01  2.43127E+00  3.71963E-01  6.49638E-01
Out  3.41500E-01  2.43177E+00  3.73274E-01  6.48889E-01
Out  3.42000E-01  2.43226E+00  3.74586E-01  6.48142E-01
Out  3.42500E-01  2.43276E+00  3.75899E-01  6.47399E-01
Out  3.43000E-01  2.43325E+00  3.77213E-01  6.46657E-01
Out  3.43500E-01  2.43375E+00  3.78528E-01  6.45919E-01
Out  3.44000E-01  2.43424E+00  3.79843E-01  6.45182E-01
Out  3.44500E-01  2.43473E+00  3.81160E-01  6.44449E-01
Out  3.45000E-01  2.43522E+00  3.82477E-01  6.43718E-01
Out  3.45500E-01  2.43572E+00  3.83795E-01  6.42989E-01
Out  3.46000E-01  2.43621E+00  3.85114E-01  6.42263E-01
Out  3.46500E-01  2.43670E+00  3.86434E-01  6.41539E-01
Out  3.47000E-01  2.43719E+00  3.87755E-01  6.40818E-01
Out  3.47500E-01  2.43768E+00  3.89077E-01  6.40100E-01
Out  3.48000E-01  2.43817E+00  3.90399E-01  6.39384E-01
Out  3.48500E-01  2.43866E+00  3.91723E-01  6.38670E-01
Out  3.49000E-01  2.43915E+00  3.93047E-01  6.37959E-01
Out  3.49500E-01  2.43964E+00  3.94372E-01  6.37251E-01
Out  3.50000E-01  2.44012E+00  3.95698E-01  6.36545E-01
Out  3.50500E-01  2.44061E+00  3.97025E-01  6.35841E-01
Out  3.51000E-01  2.44110E+00  3.98353E-01  6.35140E-01
Out  3.51500E-01  2.44159E+00  3.99682E-01  6.34442E-01
Out  3.52000E-01  2.44207E+00  4.01011E-01  6.33746E-01
Out  3.52500E-01  2.44256E+00  4.02342E-01  6.33053E-01
Out  3.53000E-01  2.44304E+00  4.03673E-01  6.32361E-01
Out  3.53500E-01  2.44353E+00  4.05005E-01  6.31673E-01
Out  3.54000E-01  2.44401E+00  4.06338E-01  6.30987E-01
Out  3.54500E-01  2.44450E+00  4.07672E-01  6.30303E-01
Out  3.55000E-01  2.44498E+00  4.09007E-01  6.29622E-01
Out  3.55500E-01  2.44546E+00  4.10343E-01  6.28944E-01
Out  3.56000E-01  2.44595E+00  4.11679E-01  6.28267E-01
Out  3.56500E-01  2.44643E+00  4.13017E-01  6.27594E-01
Out  3.57000E-01  2.44691E+00  4.14355E-01  6.26923E-01
Out  3.57500E-01  2.44739E+00  4.15694E-01  6.26254E-01
Out  3.58000E-01  2.44787E+00  4.17034E-01  6.25587E-01
Out  3.58500E-01  2.44835E+00  4.18375E-01  6.24924E-01
Out  3.59000E-01  2.44883E+00  4.19717E-01  6.24262E-01
Out  3.59500E-01  2.44931E+00  4.21059E-01  6.23603E-01
Out  3.60000E-01  2.44979E+00  4.22403E-01  6.22947E-01
Out  3.60500E-01  2.45027E+00  4.23747E-01  6.22293E-01
Out  3.61000E-01  2.45075E+00  4.25092E-01  6.21641E-01
Out  3.61500E-01  2.45122E+00  4.26438E-01  6.20992E-01
Out  3.62000E-01  2.45170E+00  4.27785E-01  6.20345E-01
Out  3.62500E-01  2.45218E+00  4.29133E-01  6.19700E-01
Out  3.63000E-01  2.45265E+00  4.30481E-01  6.19059E-01
Out  3.63500E-01  2.45313E+00  4.31831E-01  6.18419E-01
Out  3.64000E-01  2.45360E+00  4.33181E-01  6.17782E-01
Out  3.64500E-01  2.45408E+00  4.34533E-01  6.17147E-01
Out  3.65000E-01  2.45455E+00  4.35885E-01  6.16515E-01
Out  3.65500E-01  2.45502E+00  4.37238E-01  6.15885E-01
Out  3.66000E-01  2.45549E+00  4.38592E-01  6.15258E-01
Out  3.66500E-01  2.45597E+00  4.39946E-01  6.14633E-01
Out  3.67000E-01  2.45644E+00  4.41302E-01  6.14010E-01
Out  3.67500E-01  2.45691E+00  4.42658E-01  6.13390E-01
Out  3.68000E-01  2.45738E+00  4.44015E-01  6.12772E-01
Out  3.68500E-01  2.45785E+00  4.45374E-01  6.12156E-01
Out  3.69000E-01  2.45832E+00  4.46733E-01  6.11543E-01
Out  3.69500E-01  2.45879E+00  4.48092E-01  6.10933E-01
Out  3.70000E-01  2.45926E+00  4.49453E-01  6.10324E-01
Out  3.70500E-01  2.45973E+00  4.50815E-01  6.09718E-01
Out  3.71000E-01  2.46019E+00  4.52177E-01  6.09115E-01
Out  3.71500E-01  2.46066E+00  4.53541E-01  6.08514E-01
Out  3.72000E-01  2.46113E+00  4.54905E-01  6.07915E-01
Out  3.72500E-01  2.46159E+00  4.56270E-01  6.07319E-01
Out  3.73000E-01  2.46206E+00  4.57636E-01  6.06724E-01
Out  3.73500E-01  2.46252E+00  4.59002E-01  6.06133E-01
Out  3.74000E-01  2.46299E+00  4.60370E-01  6.05543E-01
Out  3.74500E-01  2.46345E+00  4.61738E-01  6.04956E-01
Out  3.75000E-01  2.46391E+00  4.63108E-01  6.04372E-01
Out  3.75500E-01  2.46438E+00  4.64478E-01  6.03790E-01
Out  3.76000E-01  2.46484E+00  4.65849E-01  6.03210E-01
Out  3.76500E-01  2.46530E+00  4.67221E-01  6.02632E-01
Out  3.77000E-01  2.46576E+00  4.68594E-01  6.02057E-01
Out  3.77500E-01  2.46622E+00  4.69967E-01  6.01484E-01
Out  3.78000E-01  2.46668E+00  4.71342E-01  6.00914E-01
Out  3.78500E-01  2.46714E+00  4.72717E-01  6.00345E-01
Out  3.79000E-01  2.46760E+00  4.74093E-01  5.99780E-01
Out  3.79500E-01  2.46806E+00  4.75470E-01  5.99216E-01
Out  3.80000E-01  2.46851E+00  4.76848E-01  5.98655E-01
Out  3.80500E-01  2.46897E+00  4.78227E-01  5.98096E-01
Out  3.81000E-01  2.46943E+00  4.79606E-01  5.97540E-01
Out  3.81500E-01  2.46988E+00  4.80987E-01  5.96985E-01
Out  3.82000E-01  2.47034E+00  4.82368E-01  5.96434E-01
Out  3.82500E-01  2.47079E+00  4.83750E-01  5.95884E-01
Out  3.83000E-01  2.47125E+00  4.85133E-01  5.95337E-01
Out  3.83500E-01  2.47170E+00  4.86517E-01  5.94792E-01
Out  3.84000E-01  2.47215E+00  4.87902E-01  5.94249E-01
Out  3.84500E-01  2.47260E+00  4.89287E-01  5.93709E-01
Out  3.85000E-01  2.47306E+00  4.90674E-01  5.93171E-01
Out  3.85500E-01  2.47351E+00  4.92061E-01  5.92635E-01
Out  3.86000E-01  2.47396E+00  4.93449E-01  5.92102E-01
Out  3.86500E-01  2.47441E+00  4.94838E-01  5.91571E-01
Out  3.87000E-01  2.47486E+00  4.96228E-01  5.91042E-01
Out  3.87500E-01  2.47530E+00  4.97619E-01  5.90515E-01
Out  3.88000E-01  2.47575E+00  4.99010E-01  5.89991E-01
Out  3.88500E-01  2.47620E+00  5.00403E-01  5.89469E-01
Out  3.89000E-01  2.47665E+00  5.01796E-01  5.88950E-01
Out  3.89500E-01  2.47709E+00  5.03190E-01  5.88432E-01
Out  3.90000E-01  2.47754E+00  5.04585E-01  5.87917E-01
Out  3.90500E-01  2.47798E+00  5.05980E-01  5.87404E-01
Out  3.91000E-01  2.47843E+00  5.07377E-01  5.86894E-01
Out  3.91500E-01  2.47887E+00  5.08775E-01  5.86385E-01
Out  3.92000E-01  2.47931E+00  5.10173E-01  5.85879E-01
Out  3.92500E-01  2.47976E+00  5.11572E-01  5.85376E-01
Out  3.93000E-01  2.48020E+00  5.12972E-01  5.84874E-01
Out  3.93500E-01  2.48064E+00  5.14373E-01  5.84375E-01
Out  3.94000E-01  2.48108E+00  5.15774E-01  5.83878E-01
Out  3.94500E-01  2.48152E+00  5.17177E-01  5.83383E-01
Out  3.95000E-01  2.48196E+00  5.18580E-01  5.82891E-01
Out  3.95500E-01  2.48240E+00  5.19985E-01  5.82401E-01
Out  3.96000E-01  2.48284E+00  5.21390E-01  5.81913E-01
Out  3.96500E-01  2.48327E+00  5.22795E-01  5.81427E-01
Out  3.97000E-01  2.48371E+00  5.24202E-01  5.80944E-01
Out  3.97500E-01  2.48415E+00  5.25610E-01  5.80463E-01
Out  3.98000E-01  2.48458E+00  5.27018E-01  5.79984E-01
Out  3.98500E-01  2.48502E+00  5.28427E-01  5.79507E-01
Out  3.99000E-01  2.48545E+00  5.29838E-01  5.79033E-01
Out  3.99500E-01  2.48588E+00  5.31248E-01  5.78561E-01
Out  4.00000E-01  2.48632E+00  5.32660E-01  5.78091E-01
Out  4.00500E-01  2.48576E+00  5.33956E-01  5.77176E-01
Out  4.01000E-01  2.48520E+00  5.35252E-01  5.76262E-01
Out  4.01500E-01  2.48464E+00  5.36547E-01  5.75350E-01
Out  4.02000E-01  2.48408E+00  5.37842E-01  5.74439E-01
Out  4.02500E-01  2.48352E+00  5.39137E-01  5.73530E-01
Out  4.03000E-01  2.48296E+00  5.40432E-01  5.72622E-01
Out  4.03500E-01  2.48240E+00  5.41727E-01  5.71716E-01
Out  4.04000E-01  2.48184E+00  5.43022E-01  5.70811E-01
Out  4.04500E-01  2.48127E+00  5.44316E-01  5.69907E-01
Out  4.05000E-01  2.48071E+00  5.45611E-01  5.69005E-01
Out  4.05500E-01  2.48015E+00  5.46905E-01  5.68104E-01
Out  4.06000E-01  2.47959E+00  5.48199E-01  5.67205E-01
Out  4.06500E-01  2.47903E+00  5.49493E-01  5.66307E-01
Out  4.07000E-01  2.47847E+00  5.50787E-01  5.65411E-01
Out  4.07500E-01  2.47790E+00  5.52080E-01  5.64516E-01
Out  4.08000E-01  2.47734E+00  5.53374E-01  5.63622E-01
Out  4.08500E-01  2.47678E+00  5.54667E-01  5.62730E-01
Out  4.09000E-01  2.47622E+00  5.55960E-01  5.61840E-01
Out  4.09500E-01  2.47565E+00  5.57253E-01  5.60950E-01
Out  4.10000E-01  2.47509E+00  5.58546E-01  5.60062E-01
Out  4.10500E-01  2.47453E+00  5.59839E-01  5.59176E-01
Out  4.11000E-01  2.47396E+00  5.61131E-01  5.58291E-01
Out  4.11500E-01  2.47340E+00  5.62424E-01  5.57407E-01
Out  4.12000E-01  2.47284E+00  5.63716E-01  5.56525E-01
Out  4.12500E-01  2.47227E+00  5.65008E-01  5.55644E-01
Out  4.13000E-01  2.47171E+00  5.66300E-01  5.54764E-01
Out  4.13500E-01  2.47114E+00  5.67591E-01  5.53886E-01
Out  4.14000E-01  2.47058E+00  5.68883E-01  5.53009E-01
Out  4.14500E-01  2.47001E+00  5.70175E-01  5.52134E-01
Out  4.15000E-01  2.46945E+00  5.71466E-01  5.51260E-01
Out  4.15500E-01  2.46888E+00  5.72757E-01  5.50388E-01
Out  4.16000E-01  2.46832E+00  5.74048E-01  5.49516E-01
Out  4.16500E-01  2.46775E+00  5.75339E-01  5.48647E-01
Out  4.17000E-01  2.46719E+00  5.76629E-01  5.47778E-01
Out  4.17500E-01  2.46662E+00  5.77920E-01  5.46911E-01
Out  4.18000E-01  2.46605E+00  5.79210E-01  5.46046E-01
Out  4.18500E-01  2.46549E+00  5.80500E-01  5.45181E-01
Out  4.19000E-01  2.46492E+00  5.81791E-01  5.44318E-01
Out  4.19500E-01  2.46435E+00  5.83080E-01  5.43457E-01
Out  4.20000E-01  2.46378E+00  5.84370E-01  5.42597E-01
Out  4.20500E-01  2.46322E+00  5.85660E-01  5.41738E-01
Out  4.21000E-01  2.46265E+00  5.86949E-01  5.40880E-01
Out  4.21500E-01  2.46208E+00  5.88238E-01  5.40024E-01
Out  4.22000E-01  2.46151E+00  5.89527E-01  5.39169E-01
Out  4.22500E-01  2.46095E+00  5.90816E-01  5.38316E-01
Out  4.23000E-01  2.46038E+00  5.92105E-01  5.37464E-01
Out  4.23500E-01  2.45981E+00  5.93394E-01  5.36613E-01
Out  4.24000E-01  2.45924E+00  5.94682E-01  5.35764E-01
Out  4.24500E-01  2.45867E+00  5.95971E-01  5.34916E-01
Out  4.25000E-01  2.45810E+00  5.97259E-01  5.34070E-01
Out  4.25500E-01  2.45753E+00  5.98547E-01  5.33224E-01
Out  4.26000E-01  2.45696E+00  5.99835E-01  5.32380E-01
Out  4.26500E-01  2.45639E+00  6.01122E-01  5.31538E-01
Out  4.27000E-01  2.45582E+00  6.02410E-01  5.30696E-01
Out  4.27500E-01  2.45525E+00  6.03697E-01  5.29857E-01
Out  4.28000E-01  2.45468E+00  6.04984E-01  5.29018E-01
Out  4.28500E-01  2.45411E+00  6.06271E-01  5.28181E-01
Out  4.29000E-01  2.45354E+00  6.07558E-01  5.27345E-01
Out  4.29500E-01  2.45297E+00  6.08845E-01  5.26510E-01
Out  4.30000E-01  2.45239E+00  6.10132E-01  5.25677E-01
Out  4.30500E-01  2.45182E+00  6.11418E-01  5.24845E-01
Out  4.31000E-01  2.45125E+00  6.12704E-01  5.24015E-01
Out  4.31500E-01  2.45068E+00  6.13990E-01  5.23185E-01
Out  4.32000E-01  2.45010E+00  6.15276E-01  5.22357E-01
Out  4.32500E-01  2.44953E+00  6.16562E-01  5.21531E-01
Out  4.33000E-01  2.44896E+00  6.17848E-01  5.20705E-01
Out  4.33500E-01  2.44839E+00  6.19133E-01  5.19881E-01
Out  4.34000E-01  2.44781E+00  6.20419E-01  5.19059E-01
Out  4.34500E-01  2.44724E+00  6.21704E-01  5.18237E-01
Out  4.35000E-01  2.44666E+00  6.22989E-01  5.17417E-01
Out  4.35500E-01  2.44609E+00  6.24274E-01  5.16598E-01
Out  4.36000E-01  2.44552E+00  6.25558E-01  5.15781E-01
Out  4.36500E-01  2.44494E+00  6.26843E-01  5.14965E-01
Out  4.37000E-01  2.44437E+00  6.28127E-01  5.14150E-01
Out  4.37500E-01  2.44379E+00  6.29411E-01  5.13336E-01
Out  4.38000E-01  2.44322E+00  6.30695E-01  5.12524E-01
Out  4.38500E-01  2.44264E+00  6.31979E-01  5.11713E-01
Out  4.39000E-01  2.44206E+00  6.33263E-01  5.10904E-01
Out  4.39500E-01  2.44149E+00  6.34546E-01  5.10095E-01
Out  4.40000E-01  2.44091E+00  6.35830E-01  5.09288E-01
Out  4.40500E-01  2.44034E+00  6.37113E-01  5.08482E-01
Out  4.41000E-01  2.43976E+00  6.38396E-01  5.07678E-01
Out  4.41500E-01  2.43918E+00  6.39679E-01  5.06875E-01
Out  4.42000E-01  2.43861E+00  6.40962E-01  5.06073E-01
Out  4.42500E-01  2.43803E+00  6.42244E-01  5.05272E-01
Out  4.43000E-01  2.43745E+00  6.43527E-01  5.04473E-01
Out  4.43500E-01  2.43687E+00  6.44809E-01  5.03675E-01
Out  4.44000E-01  2.43629E+00  6.46091E-01  5.02878E-01
Out  4.44500E-01  2.43572E+00  6.47373E-01  5.02082E-01
Out  4.45000E-01  2.43514E+00  6.48655E-01  5.01288E-01
Out  4.45500E-01  2.43456E+00  6.49936E-01  5.00495E-01
Out  4.46000E-01  2.43398E+00  6.51218E-01  4.99703E-01
Out  4.46500E-01  2.43340E+00  6.52499E-01  4.98913E-01
Out  4.47000E-01  2.43282E+00  6.53780E-01  4.98123E-01
Out  4.47500E-01  2.43224E+00  6.55061E-01  4.97335E-01
Out  4.48000E-01  2.43166E+00  6.56342E-01  4.96549E-01
Out  4.48500E-01  2.43108E+00  6.57622E-01  4.95763E-01
Out  4.49000E-01  2.43050E+00  6.58903E-01  4.94979E-01
Out  4.49500E-01  2.42992E+00  6.60183E-01  4.94196E-01
Out  4.50000E-01  2.42934E+00  6.61463E-01  4.93415E-01
Out  4.50500E-01  2.42876E+00  6.62743E-01  4.92634E-01
Out  4.51000E-01  2.42817E+00  6.64023E-01  4.91855E-01
Out  4.51500E-01  2.42759E+00  6.65303E-01  4.91077E-01
Out  4.52000E-01  2.42701E+00  6.66582E-01  4.90300E-01
Out  4.52500E-01  2.42643E+00  6.67861E-01  4.89525E-01
Out  4.53000E-01  2.42585E+00  6.69141E-01  4.88751E-01
Out  4.53500E-01  2.42526E+00  6.70420E-01  4.87978E-01
Out  4.54000E-01  2.42468E+00  6.71698E-01  4.87206E-01
Out  4.54500E-01  2.42410E+00  6.72977E-01  4.86435E-01
Out  4.55000E-01  2.42351E+00  6.74256E-01  4.85666E-01
Out  4.55500E-01  2.42293E+00  6.75534E-01  4.84898E-01
Out  4.56000E-01  2.42234E+00  6.76812E-01  4.84131E-01
Out  4.56500E-01  2.42176E+00  6.78090E-01  4.83366E-01
Out  4.57000E-01  2.42118E+00  6.79368E-01  4.82602E-01
Out  4.57500E-01  2.42059E+00  6.80645E-01  4.81838E-01
Out  4.58000E-01  2.42001E+00  6.81923E-01  4.81077E-01
Out  4.58500E-01  2.41942E+00  6.83200E-01  4.80316E-01
Out  4.59000E-01  2.41883E+00  6.84477E-01  4.79556E-01
Out  4.59500E-01  2.41825E+00  6.85754E-01  4.78798E-01
Out  4.60000E-01  2.41766E+00  6.87031E-01  4.78041E-01
Out  4.60500E-01  2.41708E+00  6.88308E-01  4.77285E-01
Out  4.61000E-01  2.41649E+00  6.89584E-01  4.76531E-01
Out  4.61500E-01  2.41590E+00  6.90861E-01  4.75777E-01
Out  4.62000E-01  2.41532E+00  6.92137E-01  4.75025E-01
Out  4.62500E-01  2.41473E+00  6.93413E-01  4.74274E-01
Out  4.63000E-01  2.41414E+00  6.94689E-01  4.73525E-01
Out  4.63500E-01  2.41355E+00  6.95964E-01  4.72776E-01
Out  4.64000E-01  2.41296E+00  6.97240E-01  4.72029E-01
Out  4.64500E-01  2.41238E+00  6.98515E-01  4.71283E-01
Out  4.65000E-01  2.41179E+00  6.99790E-01  4.70538E-01
Out  4.65500E-01  2.41120E+00  7.01065E-01  4.69794E-01
Out  4.66000E-01  2.41061E+00  7.02340E-01  4.69051E-01
Out  4.66500E-01  2.41002E+00  7.03615E-01  4.68310E-01
Out  4.67000E-01  2.40943E+00  7.04889E-01  4.67570E-01
Out  4.67500E-01  2.40884E+00  7.06163E-01  4.66831E-01
Out  4.68000E-01  2.40825E+00  7.07438E-01  4.66093E-01
Out  4.68500E-01  2.40766E+00  7.08712E-01  4.65356E-01
Out  4.69000E-01  2.40707E+00  7.09985E-01  4.64621E-01
Out  4.69500E-01  2.40648E+00  7.11259E-01  4.63887E-01
Out  4.70000E-01  2.40589E+00  7.12533E-01  4.63154E-01
Out  4.70500E-01  2.40529E+00  7.13806E-01  4.62422E-01
Out  4.71000E-01  2.40470E+00  7.15079E-01  4.61691E-01
Out  4.71500E-01  2.40411E+00  7.16352E-01  4.60962E-01
Out  4.72000E-01  2.40352E+00  7.17625E-01  4.60233E-01
Out  4.72500E-01  2.40293E+00  7.18897E-01  4.59506E-01
Out  4.73000E-01  2.40233E+00  7.20170E-01  4.58780E-01
Out  4.73500E-01  2.40174E+00  7.21442E-01  4.58055E-01
Out  4.74000E-01  2.40115E+00  7.22714E-01  4.57332E-01
Out  4.74500E-01  2.40055E+00  7.23986E-01  4.56609E-01
Out  4.75000E-01  2.39996E+00  7.25258E-01  4.55888E-01
Out  4.75500E-01  2.39936E+00  7.26529E-01  4.55168E-01
Out  4.76000E-01  2.39877E+00  7.27801E-01  4.54449E-01
Out  4.76500E-01  2.39817E+00  7.29072E-01  4.53731E-01
Out  4.77000E-01  2.39758E+00  7.30343E-01  4.53014E-01
Out  4.77500E-01  2.39698E+00  7.31614E-01  4.52298E-01
Out  4.78000E-01  2.39639E+00  7.32885E-01  4.51584E-01
Out  4.78500E-01  2.39579E+00  7.34155E-01  4.50871E-01
Out  4.79000E-01  2.39520E+00  7.35426E-01  4.50159E-01
Out  4.79500E-01  2.39460E+00  7.36696E-01  4.49448E-01
Out  4.80000E-01  2.39400E+00  7.37966E-01  4.48738E-01
Out  4.80500E-01  2.39341E+00  7.39236E-01  4.48029E-01
Out  4.81000E-01  2.39281E+00  7.40506E-01  4.47322E-01
Out  4.81500E-01  2.39221E+00  7.41775E-01  4.46615E-01
Out  4.82000E-01  2.39161E+00  7.43044E-01  4.45910E-01
Out  4.82500E-01  2.39101E+00  7.44314E-01  4.45206E-01
Out  4.83000E-01  2.39042E+00  7.45583E-01  4.44503E-01
Out  4.83500E-01  2.38982E+00  7.46851E-01  4.43801E-01
Out  4.84000E-01  2.38922E+00  7.48120E-01  4.43101E-01
Out  4.84500E-01  2.38862E+00  7.49389E-01  4.42401E-01
Out  4.85000E-01  2.38802E+00  7.50657E-01  4.41703E-01
Out  4.85500E-01  2.38742E+00  7.51925E-01  4.41005E-01
Out  4.86000E-01  2.38682E+00  7.53193E-01  4.40309E-01
Out  4.86500E-01  2.38622E+00  7.54461E-01  4.39614E-01
Out  4.87000E-01  2.38562E+00  7.55728E-01  4.38920E-01
Out  4.87500E-01  2.38502E+00  7.56996E-01  4.38227E-01
Out  4.88000E-01  2.38442E+00  7.58263E-01  4.37536E-01
Out  4.88500E-01  2.38381E+00  7.59530E-01  4.36845E-01
Out  4.89000E-01  2.38321E+00  7.60797E-01  4.36155E-01
Out  4.89500E-01  2.38261E+00  7.62064E-01  4.35467E-01
Out  4.90000E-01  2.38201E+00  7.63330E-01  4.34780E-01
Out  4.90500E-01  2.38141E+00  7.64597E-01  4.34094E-01
Out  4.91000E-01  2.38080E+00  7.65863E-01  4.33409E-01
Out  4.91500E-01  2.38020E+00  7.67129E-01  4.32725E-01
Out  4.92000E-01  2.37960E+00  7.68395E-01  4.32042E-01
Out  4.92500E-01  2.37899E+00  7.69661E-01  4.31360E-01
Out  4.93000E-01  2.37839E+00  7.70926E-01  4.30680E-01
Out  4.93500E-01  2.37778E+00  7.72191E-01  4.30000E-01
Out  4.94000E-01  2.37718E+00  7.73457E-01  4.29322E-01
Out  4.94500E-01  2.37657E+00  7.74722E-01  4.28645E-01
Out  4.95000E-01  2.37597E+00  7.75986E-01  4.27968E-01
Out  4.95500E-01  2.37536E+00  7.77251E-01  4.27293E-01
Out  4.96000E-01  2.37476E+00  7.78515E-01  4.26619E-01
Out  4.96500E-01  2.37415E+00  7.79780E-01  4.25946E-01
Out  4.97000E-01  2.37354E+00  7.81044E-01  4.25274E-01
Out  4.97500E-01  2.37294E+00  7.82308E-01  4.24604E-01
Out  4.98000E-01  2.37233E+00  7.83572E-01  4.23934E-01
Out  4.98500E-01  2.37172E+00  7.84835E-01  4.23265E-01
Out  4.99000E-01  2.37112E+00  7.86098E-01  4.22598E-01
Out  4.99500E-01  2.37051E+00  7.87362E-01  4.21932E-01
Out  5.00000E-01  2.36990E+00  7.88625E-01  4.21266E-01
Out  5.00500E-01  2.36929E+00  7.89888E-01  4.20602E-01
Out  5.01000E-01  2.36868E+00  7.91150E-01  4.19939E-01
Out  5.01500E-01  2.36807E+00  7.92413E-01  4.19277E-01
Out  5.02000E-01  2.36746E+00  7.93675E-01  4.18616E-01
Out  5.02500E-01  2.36685E+00  7.94937E-01  4.17956E-01
Out  5.03000E-01  2.36624E+00  7.96199E-01  4.17297E-01
Out  5.03500E-01  2.36563E+00  7.97461E-01  4.16639E-01
Out  5.04000E-01  2.36502E+00  7.98722E-01  4.15982E-01
Out  5.04500E-01  2.36441E+00  7.99984E-01  4.15327E-01
Out  5.05000E-01  2.36380E+00  8.01245E-01  4.14672E-01
Out  5.05500E-01  2.36319E+00  8.02506E-01  4.14018E-01
Out  5.06000E-01  2.36258E+00  8.03767E-01  4.13366E-01
Out  5.06500E-01  2.36197E+00  8.05028E-01  4.12714E-01
Out  5.07000E-01  2.36135E+00  8.06288E-01  4.12064E-01
Out  5.07500E-01  2.36074E+00  8.07549E-01  4.11415E-01
Out  5.08000E-01  2.36013E+00  8.08809E-01  4.10766E-01
Out  5.08500E-01  2.35951E+00  8.10069E-01  4.10119E-01
Out  5.09000E-01  2.35890E+00  8.11328E-01  4.09473E-01
Out  5.09500E-01  2.35829E+00  8.12588E-01  4.08828E-01
Out  5.10000E-01  2.35767E+00  8.13847E-01  4.08184E-01
Out  5.10500E-01  2.35706E+00  8.15107E-01  4.07541E-01
Out  5.11000E-01  2.35644E+00  8.16366E-01  4.06899E-01
Out  5.11500E-01  2.35583E+00  8.17625E-01  4.06258E-01
Out  5.12000E-01  2.35521E+00  8.18883E-01  4.05618E-01
Out  5.12500E-01  2.35460E+00  8.20142E-01  4.04979E-01
Out  5.13000E-01  2.35398E+00  8.21400E-01  4.04341E-01
Out  5.13500E-01  2.35336E+00  8.22658E-01  4.03705E-01
Out  5.14000E-01  2.35275E+00  8.23916E-01  4.03069E-01
Out  5.14500E-01  2.35213E+00  8.25174E-01  4.02434E-01
Out  5.15000E-01  2.35151E+00  8.26432E-01  4.01800E-01
Out  5.15500E-01  2.35090E+00  8.27689E-01  4.01168E-01
Out  5.16000E-01  2.35028E+00  8.28946E-01  4.00536E-01
Out  5.16500E-01  2.34966E+00  8.30203E-01  3.99906E-01
Out  5.17000E-01  2.34904E+00  8.31460E-01  3.99276E-01
Out  5.17500E-01  2.34842E+00  8.32717E-01  3.98647E-01
Out  5.18000E-01  2.34780E+00  8.33973E-01  3.98020E-01
Out  5.18500E-01  2.34718E+00  8.35230E-01  3.97393E-01
Out  5.19000E-01  2.34656E+00  8.36486E-01  3.96768E-01
Out  5.19500E-01  2.34594E+00  8.37742E-01  3.96143E-01
Out  5.20000E-01  2.34532E+00  8.38998E-01  3.95520E-01
Out  5.20500E-01  2.34470E+00  8.40253E-01  3.94898E-01
Out  5.21000E-01  2.34408E+00  8.41508E-01  3.94276E-01
Out  5.21500E-01  2.34346E+00  8.42764E-01  3.93656E-01
Out  5.22000E-01  2.34284E+00  8.44019E-01  3.93036E-01
Out  5.22500E-01  2.34222E+00  8.45274E-01  3.92418E-01
Out  5.23000E-01  2.34160E+00  8.46528E-01  3.91801E-01
Out  5.23500E-01  2.34097E+00  8.47783E-01  3.91184E-01
Out  5.24000E-01  2.34035E+00  8.49037E-01  3.90569E-01
Out  5.24500E-01  2.33973E+00  8.50291E-01  3.89955E-01
Out  5.25000E-01  2.33910E+00  8.51545E-01  3.89341E-01
Out  5.25500E-01  2.33848E+00  8.52799E-01  3.88729E-01
Out  5.26000E-01  2.33786E+00  8.54052E-01  3.88117E-01
Out  5.26500E-01  2.33723E+00  8.55305E-01  3.87507E-01
Out  5.27000E-01  2.33661E+00  8.56559E-01  3.86898E-01
Out  5.27500E-01  2.33598E+00  8.57812E-01  3.86289E-01
Out  5.28000E-01  2.33536E+00  8.59064E-01  3.85682E-01
Out  5.28500E-01  2.33473E+00  8.60317E-01  3.85076E-01
Out  5.29000E-01  2.33410E+00  8.61569E-01  3.84470E-01
Out  5.29500E-01  2.33348E+00  8.62822E-01  3.83866E-01
Out  5.30000E-01  2.33285E+00  8.64074E-01  3.83262E-01
Out  5.30500E-01  2.33222E+00  8.65325E-01  3.82660E-01
Out  5.31000E-01  2.33160E+00  8.66577E-01  3.82058E-01
Out  5.31500E-01  2.33097E+00  8.67828E-01  3.81458E-01
Out  5.32000E-01  2.33034E+00  8.69080E-01  3.80858E-01
Out  5.32500E-01  2.32971E+00  8.70331E-01  3.80260E-01
Out  5.33000E-01  2.32908E+00  8.71582E-01  3.79662E-01
Out  5.33500E-01  2.32846E+00  8.72832E-01  3.79066E-01
Out  5.34000E-01  2.32783E+00  8.74083E-01  3.78470E-01
Out  5.34500E-01  2.32720E+00  8.75333E-01  3.77876E-01
Out  5.35000E-01  2.32657E+00  8.76583E-01  3.77282E-01
Out  5.35500E-01  2.32594E+00  8.77833E-01  3.76689E-01
Out  5.36000E-01  2.32531E+00  8.79083E-01  3.76098E-01
Out  5.36500E-01  2.32468E+00  8.80333E-01  3.75507E-01
Out  5.37000E-01  2.32404E+00  8.81582E-01  3.74917E-01
Out  5.37500E-01  2.32341E+00  8.82831E-01  3.74328E-01
Out  5.38000E-01  2.32278E+00  8.84080E-01  3.73740E-01
Out  5.38500E-01  2.32215E+00  8.85329E-01  3.73154E-01
Out  5.39000E-01  2.32152E+00  8.86577E-01  3.72568E-01
Out  5.39500E-01  2.32088E+00  8.87826E-01  3.71983E-01
Out  5.40000E-01  2.32025E+00  8.89074E-01  3.71399E-01
Out  5.40500E-01  2.31962E+00  8.90322E-01  3.70816E-01
Out  5.41000E-01  2.31898E+00  8.91570E-01  3.70233E-01
Out  5.41500E-01  2.31835E+00  8.92818E-01  3.69652E-01
Out  5.42000E-01  2.31771E+00  8.94065E-01  3.69072E-01
Out  5.42500E-01  2.31708E+00  8.95312E-01  3.68493E-01
Out  5.43000E-01  2.31644E+00  8.96559E-01  3.67915E-01
Out  5.43500E-01  2.31581E+00  8.97806E-01  3.67337E-01
Out  5.44000E-01  2.31517E+00  8.99053E-01  3.66761E-01
Out  5.44500E-01  2.31454E+00  9.00299E-01  3.66185E-01
Out  5.45000E-01  2.31390E+00  9.01546E-01  3.65611E-01
Out  5.45500E-01  2.31326E+00  9.02792E-01  3.65037E-01
Out  5.46000E-01  2.31263E+00  9.04038E-01  3.64465E-01
Out  5.46500E-01  2.31199E+00  9.05283E-01  3.63893E-01
Out  5.47000E-01  2.31135E+00  9.06529E-01  3.63322E-01
Out  5.47500E-01  2.31071E+00  9.07774E-01  3.62752E-01
Out  5.48000E-01  2.31008E+00  9.09019E-01  3.62183E-01
Out  5.48500E-01  2.30944E+00  9.10264E-01  3.61616E-01
Out  5.49000E-01  2.30880E+00  9.11509E-01  3.61048E-01
Out  5.49500E-01  2.30816E+00  9.12754E-01  3.60482E-01
Out  5.50000E-01  2.30752E+00  9.13998E-01  3.59917E-01
Out  5.50500E-01  2.30688E+00  9.15242E-01  3.59353E-01
Out  5.51000E-01  2.30624E+00  9.16486E-01  3.58790E-01
Out  5.51500E-01  2.30560E+00  9.17730E-01  3.58227E-01
Out  5.52000E-01  2.30496E+00  9.18973E-01  3.57666E-01
Out  5.52500E-01  2.30432E+00  9.20217E-01  3.57105E-01
Out  5.53000E-01  2.30367E+00  9.21460E-01  3.56546E-01
Out  5.53500E-01  2.30303E+00  9.22703E-01  3.55987E-01
Out  5.54000E-01  2.30239E+00  9.23946E-01  3.55429E-01
Out  5.54500E-01  2.30175E+00  9.25188E-01  3.54872E-01
Out  5.55000E-01  2.30110E+00  9.26431E-01  3.54316E-01
Out  5.55500E-01  2.30046E+00  9.27673E-01  3.53761E-01
Out  5.56000E-01  2.29982E+00  9.28915E-01  3.53207E-01
Out  5.56500E-01  2.29917E+00  9.30156E-01  3.52654E-01
Out  5.57000E-01  2.29853E+00  9.31398E-01  3.52102E-01
Out  5.57500E-01  2.29788E+00  9.32639E-01  3.51550E-01
Out  5.58000E-01  2.29724E+00  9.33881E-01  3.51000E-01
Out  5.58500E-01  2.29659E+00  9.35122E-01  3.50450E-01
Out  5.59000E-01  2.29595E+00  9.36362E-01  3.49901E-01
Out  5.59500E-01  2.29530E+00  9.37603E-01  3.49354E-01
Out  5.60000E-01  2.29465E+00  9.38843E-01  3.48807E-01
Out  5.60500E-01  2.29401E+00  9.40084E-01  3.48261E-01
Out  5.61000E-01  2.29336E+00  9.41324E-01  3.47716E-01
Out  5.61500E-01  2.29271E+00  9.42563E-01  3.47171E-01
Out  5.62000E-01  2.29206E+00  9.43803E-01  3.46628E-01
Out  5.62500E-01  2.29142E+00  9.45042E-01  3.46086E-01
Out  5.63000E-01  2.29077E+00  9.46282E-01  3.45544E-01
Out  5.63500E-01  2.29012E+00  9.47521E-01  3.45003E-01
Out  5.64000E-01  2.28947E+00  9.48759E-01  3.44464E-01
Out  5.64500E-01  2.28882E+00  9.49998E-01  3.43925E-01
Out  5.65000E-01  2.28817E+00  9.51236E-01  3.43387E-01
Out  5.65500E-01  2.28752E+00  9.52475E-01  3.42850E-01
Out  5.66000E-01  2.28687E+00  9.53713E-01  3.42314E-01
Out  5.66500E-01  2.28622E+00  9.54950E-01  3.41778E-01
Out  5.67000E-01  2.28557E+00  9.56188E-01  3.41244E-01
Out  5.67500E-01  2.28491E+00  9.57425E-01  3.40710E-01
Out  5.68000E-01  2.28426E+00  9.58663E-01  3.40178E-01
Out  5.68500E-01  2.28361E+00  9.59900E-01  3.39646E-01
Out  5.69000E-01  2.28296E+00  9.61136E-01  3.39115E-01
Out  5.69500E-01  2.28230E+00  9.62373E-01  3.38585E-01
Out  5.70000E-01  2.28165E+00  9.63609E-01  3.38056E-01
Out  5.70500E-01  2.28100E+00  9.64845E-01  3.37527E-01
Out  5.71000E-01  2.28034E+00  9.66081E-01  3.37000E-01
Out  5.71500E-01  2.27969E+00  9.67317E-01  3.36473E-01
Out  5.72000E-01  2.27903E+00  9.68553E-01  3.35948E-01
Out  5.72500E-01  2.27838E+00  9.69788E-01  3.35423E-01
Out  5.73000E-01  2.27772E+00  9.71023E-01  3.34899E-01
Out  5.73500E-01  2.27707E+00  9.72258E-01  3.34376E-01
Out  5.74000E-01  2.27641E+00  9.73493E-01  3.33854E-01
Out  5.74500E-01  2.27575E+00  9.74728E-01  3.33332E-01
Out  5.75000E-01  2.27510E+00  9.75962E-01  3.32812E-01
Out  5.75500E-01  2.27444E+00  9.77196E-01  3.32292E-01
Out  5.76000E-01  2.27378E+00  9.78430E-01  3.31773E-01
Out  5.76500E-01  2.27312E+00  9.79664E-01  3.31255E-01
Out  5.77000E-01  2.27247E+00  9.80897E-01  3.30738E-01
Out  5.77500E-01  2.27181E+00  9.82131E-01  3.30222E-01
Out  5.78000E-01  2.27115E+00  9.83364E-01  3.29707E-01
Out  5.78500E-01  2.27049E+00  9.84597E-01  3.29192E-01
Out  5.79000E-01  2.26983E+00  9.85829E-01  3.28679E-01
Out  5.79500E-01  2.26917E+00  9.87062E-01  3.28166E-01
Out  5.80000E-01  2.26851E+00  9.88294E-01  3.27654E-01
Out  5.80500E-01  2.26785E+00  9.89526E-01  3.27143E-01
Out  5.81000E-01  2.26719E+00  9.90758E-01  3.26632E-01
Out  5.81500E-01  2.26653E+00  9.91990E-01  3.26123E-01
Out  5.82000E-01  2.26586E+00  9.93221E-01  3.25614E-01
Out  5.82500E-01  2.26520E+00  9.94452E-01  3.25107E-01
Out  5.83000E-01  2.26454E+00  9.95683E-01  3.24600E-01
Out  5.83500E-01  2.26388E+00  9.96914E-01  3.24094E-01
Out  5.84000E-01  2.26321E+00  9.98145E-01  3.23588E-01
Out  5.84500E-01  2.26255E+00  9.99375E-01  3.23084E-01
Out  5.85000E-01  2.26189E+00  1.00061E+00  3.22580E-01
Out  5.85500E-01  2.26122E+00  1.00184E+00  3.22078E-01
Out  5.86000E-01  2.26056E+00  1.00307E+00  3.21576E-01
Out  5.86500E-01  2.25989E+00  1.00429E+00  3.21075E-01
Out  5.87000E-01  2.25923E+00  1.00552E+00  3.20574E-01
Out  5.87500E-01  2.25856E+00  1.00675E+00  3.20075E-01
Out  5.88000E-01  2.25789E+00  1.00798E+00  3.19576E-01
Out  5.88500E-01  2.25723E+00  1.00921E+00  3.19079E-01
Out  5.89000E-01  2.25656E+00  1.01044E+00  3.18582E-01
Out  5.89500E-01  2.25589E+00  1.01167E+00  3.18085E-01
Out  5.90000E-01  2.25523E+00  1.01290E+00  3.17590E-01
Out  5.90500E-01  2.25456E+00  1.01412E+00  3.17096E-01
Out  5.91000E-01  2.25389E+00  1.01535E+00  3.16602E-01
Out  5.91500E-01  2.25322E+00  1.01658E+00  3.16109E-01
Out  5.92000E-01  2.25255E+00  1.01781E+00  3.15617E-01
Out  5.92500E-01  2.25188E+00  1.01903E+00  3.15126E-01
Out  5.93000E-01  2.25121E+00  1.02026E+00  3.14636E-01
Out  5.93500E-01  2.25054E+00  1.02149E+00  3.14146E-01
Out  5.94000E-01  2.24987E+00  1.02271E+00  3.13657E-01
Out  5.94500E-01  2.24920E+00  1.02394E+00  3.13169E-01
Out  5.95000E-01  2.24853E+00  1.02517E+00  3.12682E-01
Out  5.95500E-01  2.24786E+00  1.02639E+00  3.12196E-01
Out  5.96000E-01  2.24719E+00  1.02762E+00  3.11710E-01
Out  5.96500E-01  2.24651E+00  1.02884E+00  3.11225E-01
Out  5.97000E-01  2.24584E+00  1.03007E+00  3.10741E-01
Out  5.97500E-01  2.24517E+00  1.03129E+00  3.10258E-01
Out  5.98000E-01  2.24450E+00  1.03252E+00  3.09776E-01
Out  5.98500E-01  2.24382E+00  1.03374E+00  3.09294E-01
Out  5.99000E-01  2.24315E+00  1.03497E+00  3.08814E-01
Out  5.99500E-01  2.24247E+00  1.03619E+00  3.08334E-01
Out  6.00000E-01  2.24180E+00  1.03741E+00  3.07855E-01
Out  6.00500E-01  2.24112E+00  1.03864E+00  3.07376E-01
Out  6.01000E-01  2.24045E+00  1.03986E+00  3.06899E-01
Out  6.01500E-01  2.23977E+00  1.04108E+00  3.06422E-01
Out  6.02000E-01  2.23910E+00  1.04231E+00  3.05946E-01
Out  6.02500E-01  2.23842E+00  1.04353E+00  3.05471E-01
Out  6.03000E-01  2.23774E+00  1.04475E+00  3.04997E-01
Out  6.03500E-01  2.23706E+00  1.04598E+00  3.04523E-01
Out  6.04000E-01  2.23639E+00  1.04720E+00  3.04050E-01
Out  6.04500E-01  2.23571E+00  1.04842E+00  3.03578E-01
Out  6.05000E-01  2.23503E+00  1.04964E+00  3.03107E-01
Out  6.05500E-01  2.23435E+00  1.05086E+00  3.02636E-01
Out  6.06000E-01  2.23367E+00  1.05208E+00  3.02167E-01
Out  6.06500E-01  2.23299E+00  1.05330E+00  3.01698E-01
Out  6.07000E-01  2.23231E+00  1.05453E+00  3.01230E-01
Out  6.07500E-01  2.23163E+00  1.05575E+00  3.00762E-01
Out  6.08000E-01  2.23095E+00  1.05697E+00  3.00296E-01
Out  6.08500E-01  2.23027E+00  1.05819E+00  2.99830E-01
Out  6.09000E-01  2.22959E+00  1.05941E+00  2.99365E-01
Out  6.09500E-01  2.22891E+00  1.06063E+00  2.98901E-01
Out  6.10000E-01  2.22822E+00  1.06185E+00  2.98437E-01
Out  6.10500E-01  2.22754E+00  1.06307E+00  2.97975E-01
Out  6.11000E-01  2.22686E+00  1.06428E+00  2.97513E-01
Out  6.11500E-01  2.22617E+00  1.06550E+00  2.97052E-01
Out  6.12000E-01  2.22549E+00  1.06672E+00  2.96591E-01
Out  6.12500E-01  2.22481E+00  1.06794E+00  2.96132E-01
Out  6.13000E-01  2.22412E+00  1.06916E+00  2.95673E-01
Out  6.13500E-01  2.22344E+00  1.07038E+00  2.95215E-01
Out  6.14000E-01  2.22275E+00  1.07159E+00  2.94757E-01
Out  6.14500E-01  2.22207E+00  1.07281E+00  2.94301E-01
Out  6.15000E-01  2.22138E+00  1.07403E+00  2.93845E-01
Out  6.15500E-01  2.22069E+00  1.07525E+00  2.93390E-01
Out  6.16000E-01  2.22001E+00  1.07646E+00  2.92936E-01
Out  6.16500E-01  2.21932E+00  1.07768E+00  2.92482E-01
Out  6.17000E-01  2.21863E+00  1.07890E+00  2.92029E-01
Out  6.17500E-01  2.21795E+00  1.08011E+00  2.91577E-01
Out  6.18000E-01  2.21726E+00  1.08133E+00  2.91126E-01
Out  6.18500E-01  2.21657E+00  1.08255E+00  2.90676E-01
Out  6.19000E-01  2.21588E+00  1.08376E+00  2.90226E-01
Out  6.19500E-01  2.21519E+00  1.08498E+00  2.89777E-01
Out  6.20000E-01  2.21450E+00  1.08619E+00  2.89329E-01
Out  6.20500E-01  2.21381E+00  1.08741E+00  2.88881E-01
Out  6.21000E-01  2.21312E+00  1.08862E+00  2.88434E-01
Out  6.21500E-01  2.21243E+00  1.08984E+00  2.87988E-01
Out  6.22000E-01  2.21174E+00  1.09105E+00  2.87543E-01
Out  6.22500E-01  2.21105E+00  1.09226E+00  2.87098E-01
Out  6.23000E-01  2.21035E+00  1.09348E+00  2.86655E-01
Out  6.23500E-01  2.20966E+00  1.09469E+00  2.86212E-01
Out  6.24000E-01  2.20897E+00  1.09590E+00  2.85769E-01
Out  6.24500E-01  2.20828E+00  1.09712E+00  2.85328E-01
Out  6.25000E-01  2.20758E+00  1.09833E+00  2.84887E-01
Out  6.25500E-01  2.20689E+00  1.09954E+00  2.84447E-01
Out  6.26000E-01  2.20619E+00  1.10076E+00  2.84007E-01
Out  6.26500E-01  2.20550E+00  1.10197E+00  2.83569E-01
Out  6.27000E-01  2.20480E+00  1.10318E+00  2.83131E-01
Out  6.27500E-01  2.20411E+00  1.10439E+00  2.82694E-01
Out  6.28000E-01  2.20341E+00  1.10560E+00  2.82257E-01
Out  6.28500E-01  2.20272E+00  1.10681E+00  2.81822E-01
Out  6.29000E-01  2.20202E+00  1.10803E+00  2.81387E-01
Out  6.29500E-01  2.20132E+00  1.10924E+00  2.80952E-01
Out  6.30000E-01  2.20063E+00  1.11045E+00  2.80519E-01
Out  6.30500E-01  2.19993E+00  1.11166E+00  2.80086E-01
Out  6.31000E-01  2.19923E+00  1.11287E+00  2.79654E-01
Out  6.31500E-01  2.19853E+00  1.11408E+00  2.79223E-01
Out  6.32000E-01  2.19783E+00  1.11529E+00  2.78792E-01
Out  6.32500E-01  2.19713E+00  1.11650E+00  2.78362E-01
Out  6.33000E-01  2.19643E+00  1.11771E+00  2.77933E-01
Out  6.33500E-01  2.19573E+00  1.11892E+00  2.77504E-01
Out  6.34000E-01  2.19503E+00  1.12012E+00  2.77077E-01
Out  6.34500E-01  2.19433E+00  1.12133E+00  2.76650E-01
Out  6.35000E-01  2.19363E+00  1.12254E+00  2.76223E-01
Out  6.35500E-01  2.19293E+00  1.12375E+00  2.75798E-01
Out  6.36000E-01  2.19223E+00  1.12496E+00  2.75373E-01
Out  6.36500E-01  2.19153E+00  1.12617E+00  2.74949E-01
Out  6.37000E-01  2.19082E+00  1.12737E+00  2.74525E-01
Out  6.37500E-01  2.19012E+00  1.12858E+00  2.74102E-01
Out  6.38000E-01  2.18942E+00  1.12979E+00  2.73680E-01
Out  6.38500E-01  2.18871E+00  1.13099E+00  2.73259E-01
Out  6.39000E-01  2.18801E+00  1.13220E+00  2.72838E-01
Out  6.39500E-01  2.18730E+00  1.13341E+00  2.72418E-01
Out  6.40000E-01  2.18660E+00  1.13461E+00  2.71999E-01
Out  6.40500E-01  2.18589E+00  1.13582E+00  2.71581E-01
Out  6.41000E-01  2.18519E+00  1.13702E+00  2.71163E-01
Out  6.41500E-01  2.18448E+00  1.13823E+00  2.70746E-01
Out  6.42000E-01  2.18378E+00  1.13943E+00  2.70329E-01
Out  6.42500E-01  2.18307E+00  1.14064E+00  2.69913E-01
Out  6.43000E-01  2.18236E+00  1.14184E+00  2.69498E-01
Out  6.43500E-01  2.18165E+00  1.14305E+00  2.69084E-01
Out  6.44000E-01  2.18095E+00  1.14425E+00  2.68670E-01
Out  6.44500E-01  2.18024E+00  1.14546E+00  2.68257E-01
Out  6.45000E-01  2.17953E+00  1.14666E+00  2.67845E-01
Out  6.45500E-01  2.17882E+00  1.14786E+00  2.67434E-01
Out  6.46000E-01  2.17811E+00  1.14907E+00  2.67023E-01
Out  6.46500E-01  2.17740E+00  1.15027E+00  2.66612E-01
Out  6.47000E-01  2.17669E+00  1.15147E+00  2.66203E-01
Out  6.47500E-01  2.17598E+00  1.15268E+00  2.65794E-01
Out  6.48000E-01  2.17527E+00  1.15388E+00  2.65386E-01
Out  6.48500E-01  2.17455E+00  1.15508E+00  2.64979E-01
Out  6.49000E-01  2.17384E+00  1.15628E+00  2.64572E-01
Out  6.49500E-01  2.17313E+00  1.15748E+00  2.64166E-01
Out  6.50000E-01  2.17242E+00  1.15869E+00  2.63760E-01
Out  6.50500E-01  2.17170E+00  1.15989E+00  2.63356E-01
Out  6.51000E-01  2.17099E+00  1.16109E+00  2.62952E-01
Out  6.51500E-01  2.17028E+00  1.16229E+00  2.62548E-01
Out  6.52000E-01  2.16956E+00  1.16349E+00  2.62146E-01
Out  6.52500E-01  2.16885E+00  1.16469E+00  2.61744E-01
Out  6.53000E-01  2.16813E+00  1.16589E+00  2.61342E-01
Out  6.53500E-01  2.16742E+00  1.16709E+00  2.60942E-01
Out  6.54000E-01  2.16670E+00  1.16829E+00  2.60542E-01
Out  6.54500E-01  2.16598E+00  1.16949E+00  2.60142E-01
Out  6.55000E-01  2.16527E+00  1.17069E+00  2.59744E-01
Out  6.55500E-01  2.16455E+00  1.17189E+00  2.59346E-01
Out  6.56000E-01  2.16383E+00  1.17309E+00  2.58948E-01
Out  6.56500E-01  2.16312E+00  1.17428E+00  2.58552E-01
Out  6.57000E-01  2.16240E+00  1.17548E+00  2.58156E-01
Out  6.57500E-01  2.16168E+00  1.17668E+00  2.57761E-01
Out  6.58000E-01  2.16096E+00  1.17788E+00  2.57366E-01
Out  6.58500E-01  2.16024E+00  1.17907E+00  2.56972E-01
Out  6.59000E-01  2.15952E+00  1.18027E+00  2.56579E-01
Out  6.59500E-01  2.15880E+00  1.18147E+00  2.56186E-01
Out  6.60000E-01  2.15808E+00  1.18267E+00  2.55794E-01
Out  6.60500E-01  2.15736E+00  1.18386E+00  2.55403E-01
Out  6.61000E-01  2.15664E+00  1.18506E+00  2.55012E-01
Out  6.61500E-01  2.15591E+00  1.18625E+00  2.54622E-01
Out  6.62000E-01  2.15519E+00  1.18745E+00  2.54233E-01
Out  6.62500E-01  2.15447E+00  1.18865E+00  2.53844E-01
Out  6.63000E-01  2.15375E+00  1.18984E+00  2.53456E-01
Out  6.63500E-01  2.15302E+00  1.19104E+00  2.53069E-01
Out  6.64000E-01  2.15230E+00  1.19223E+00  2.52682E-01
Out  6.64500E-01  2.15158E+00  1.19343E+00  2.52296E-01
Out  6.65000E-01  2.15085E+00  1.19462E+00  2.51910E-01
Out  6.65500E-01  2.15013E+00  1.19581E+00  2.51526E-01
Out  6.66000E-01  2.14940E+00  1.19701E+00  2.51142E-01
Out  6.66500E-01  2.14867E+00  1.19820E+00  2.50758E-01
Out  6.67000E-01  2.14795E+00  1.19939E+00  2.50375E-01
Out  6.67500E-01  2.14722E+00  1.20059E+00  2.49993E-01
Out  6.68000E-01  2.14649E+00  1.20178E+00  2.49611E-01
Out  6.68500E-01  2.14577E+00  1.20297E+00  2.49231E-01
Out  6.69000E-01  2.14504E+00  1.20417E+00  2.48850E-01
Out  6.69500E-01  2.14431E+00  1.20536E+00  2.48471E-01
Out  6.70000E-01  2.14358E+00  1.20655E+00  2.48092E-01
Out  6.70500E-01  2.14285E+00  1.20774E+00  2.47713E-01
Out  6.71000E-01  2.14212E+00  1.20893E+00  2.47336E-01
Out  6.71500E-01  2.14139E+00  1.21012E+00  2.46959E-01
Out  6.72000E-01  2.14066E+00  1.21131E+00  2.46582E-01
Out  6.72500E-01  2.13993E+00  1.21251E+00  2.46206E-01
Out  6.73000E-01  2.13920E+00  1.21370E+00  2.45831E-01
Out  6.73500E-01  2.13847E+00  1.21489E+00  2.45457E-01
Out  6.74000E-01  2.13774E+00  1.21608E+00  2.45083E-01
Out  6.74500E-01  2.13701E+00  1.21727E+00  2.44710E-01
Out  6.75000E-01  2.13627E+00  1.21845E+00  2.44337E-01
Out  6.75500E-01  2.13554E+00  1.21964E+00  2.43965E-01
Out  6.76000E-01  2.13481E+00  1.22083E+00  2.43594E-01
Out  6.76500E-01  2.13407E+00  1.22202E+00  2.43223E-01
Out  6.77000E-01  2.13334E+00  1.22321E+00  2.42853E-01
Out  6.77500E-01  2.13260E+00  1.22440E+00  2.42483E-01
Out  6.78000E-01  2.13187E+00  1.22559E+00  2.42115E-01
Out  6.78500E-01  2.13113E+00  1.22677E+00  2.41746E-01
Out  6.79000E-01  2.13040E+00  1.22796E+00  2.41379E-01
Out  6.79500E-01  2.12966E+00  1.22915E+00  2.41012E-01
Out  6.80000E-01  2.12893E+00  1.23034E+00  2.40645E-01
Out  6.80500E-01  2.12819E+00  1.23152E+00  2.40280E-01
Out  6.81000E-01  2.12745E+00  1.23271E+00  2.39914E-01
Out  6.81500E-01  2.12671E+00  1.23390E+00  2.39550E-01
Out  6.82000E-01  2.12597E+00  1.23508E+00  2.39186E-01
Out  6.82500E-01  2.12524E+00  1.23627E+00  2.38823E-01
Out  6.83000E-01  2.12450E+00  1.23745E+00  2.38460E-01
Out  6.83500E-01  2.12376E+00  1.23864E+00  2.38098E-01
Out  6.84000E-01  2.12302E+00  1.23982E+00  2.37737E-01
Out  6.84500E-01  2.12228E+00  1.24101E+00  2.37376E-01
Out  6.85000E-01  2.12154E+00  1.24219E+00  2.37016E-01
Out  6.85500E-01  2.12080E+00  1.24338E+00  2.36656E-01
Out  6.86000E-01  2.12005E+00  1.24456E+00  2.36297E-01
Out  6.86500E-01  2.11931E+00  1.24574E+00  2.35939E-01
Out  6.87000E-01  2.11857E+00  1.24693E+00  2.35581E-01
Out  6.87500E-01  2.11783E+00  1.24811E+00  2.35224E-01
Out  6.88000E-01  2.11708E+00  1.24929E+00  2.34867E-01
Out  6.88500E-01  2.11634E+00  1.25048E+00  2.34511E-01
Out  6.89000E-01  2.11560E+00  1.25166E+00  2.34156E-01
Out  6.89500E-01  2.11485E+00  1.25284E+00  2.33801E-01
Out  6.90000E-01  2.11411E+00  1.25402E+00  2.33447E-01
Out  6.90500E-01  2.11336E+00  1.25521E+00  2.33093E-01
Out  6.91000E-01  2.11262E+00  1.25639E+00  2.32740E-01
Out  6.91500E-01  2.11187E+00  1.25757E+00  2.32388E-01
Out  6.92000E-01  2.11112E+00  1.25875E+00  2.32036E-01
Out  6.92500E-01  2.11038E+00  1.25993E+00  2.31685E-01
Out  6.93000E-01  2.10963E+00  1.26111E+00  2.31335E-01
Out  6.93500E-01  2.10888E+00  1.26229E+00  2.30985E-01
Out  6.94000E-01  2.10813E+00  1.26347E+00  2.30635E-01
Out  6.94500E-01  2.10739E+00  1.26465E+00  2.30286E-01
Out  6.95000E-01  2.10664E+00  1.26583E+00  2.29938E-01
Out  6.95500E-01  2.10589E+00  1.26701E+00  2.29591E-01
Out  6.96000E-01  2.10514E+00  1.26819E+00  2.29244E-01
Out  6.96500E-01  2.10439E+00  1.26937E+00  2.28897E-01
Out  6.97000E-01  2.10364E+00  1.27054E+00  2.28551E-01
Out  6.97500E-01  2.10289E+00  1.27172E+00  2.28206E-01
Out  6.98000E-01  2.10213E+00  1.27290E+00  2.27861E-01
Out  6.98500E-01  2.10138E+00  1.27408E+00  2.27517E-01
Out  6.99000E-01  2.10063E+00  1.27526E+00  2.27174E-01
Out  6.99500E-01  2.09988E+00  1.27643E+00  2.26831E-01
Out  7.00000E-01  2.09913E+00  1.27761E+00  2.26489E-01
Out  7.00500E-01  2.09837E+00  1.27879E+00  2.26147E-01
Out  7.01000E-01  2.09762E+00  1.27996E+00  2.25806E-01
Out  7.01500E-01  2.09686E+00  1.28114E+00  2.25465E-01
Out  7.02000E-01  2.09611E+00  1.28232E+00  2.25125E-01
Out  7.02500E-01  2.09535E+00  1.28349E+00  2.24786E-01
Out  7.03000E-01  2.09460E+00  1.28467E+00  2.24447E-01
Out  7.03500E-01  2.09384E+00  1.28584E+00  2.24109E-01
Out  7.04000E-01  2.09309E+00  1.28702E+00  2.23771E-01
Out  7.04500E-01  2.09233E+00  1.28819E+00  2.23434E-01
Out  7.05000E-01  2.09157E+00  1.28937E+00  2.23097E-01
Out  7.05500E-01  2.09082E+00  1.29054E+00  2.22761E-01
Out  7.06000E-01  2.09006E+00  1.29171E+00  2.22426E-01
Out  7.06500E-01  2.08930E+00  1.29289E+00  2.22091E-01
Out  7.07000E-01  2.08854E+00  1.29406E+00  2.21757E-01
Out  7.07500E-01  2.08778E+00  1.29523E+00  2.21423E-01
Out  7.08000E-01  2.08702E+00  1.29641E+00  2.21090E-01
Out  7.08500E-01  2.08626E+00  1.29758E+00  2.20757E-01
Out  7.09000E-01  2.08550E+00  1.29875E+00  2.20425E-01
Out  7.09500E-01  2.08474E+00  1.29992E+00  2.20094E-01
Out  7.10000E-01  2.08398E+00  1.30109E+00  2.19763E-01
Out  7.10500E-01  2.08322E+00  1.30227E+00  2.19433E-01
Out  7.11000E-01  2.08246E+00  1.30344E+00  2.19103E-01
Out  7.11500E-01  2.08169E+00  1.30461E+00  2.18774E-01
Out  7.12000E-01  2.08093E+00  1.30578E+00  2.18445E-01
Out  7.12500E-01  2.08017E+00  1.30695E+00  2.18117E-01
Out  7.13000E-01  2.07940E+00  1.30812E+00  2.17790E-01
Out  7.13500E-01  2.07864E+00  1.30929E+00  2.17463E-01
Out  7.14000E-01  2.07788E+00  1.31046E+00  2.17137E-01
Out  7.14500E-01  2.07711E+00  1.31163E+00  2.16811E-01
Out  7.15000E-01  2.07635E+00  1.31280E+00  2.16486E-01
Out  7.15500E-01  2.07558E+00  1.31397E+00  2.16161E-01
Out  7.16000E-01  2.07481E+00  1.31514E+00  2.15837E-01
Out  7.16500E-01  2.07405E+00  1.31630E+00  2.15513E-01
Out  7.17000E-01  2.07328E+00  1.31747E+00  2.15190E-01
Out  7.17500E-01  2.07251E+00  1.31864E+00  2.14868E-01
Out  7.18000E-01  2.07174E+00  1.31981E+00  2.14546E-01
Out  7.18500E-01  2.07098E+00  1.32097E+00  2.14224E-01
Out  7.19000E-01  2.07021E+00  1.32214E+00  2.13903E-01
Out  7.19500E-01  2.06944E+00  1.32331E+00  2.13583E-01
Out  7.20000E-01  2.06867E+00  1.32447E+00  2.13263E-01
Out  7.20500E-01  2.06790E+00  1.32564E+00  2.12944E-01
Out  7.21000E-01  2.06713E+00  1.32681E+00  2.12625E-01
Out  7.21500E-01  2.06636E+00  1.32797E+00  2.12307E-01
Out  7.22000E-01  2.06559E+00  1.32914E+00  2.11990E-01
Out  7.22500E-01  2.06481E+00  1.33030E+00  2.11673E-01
Out  7.23000E-01  2.06404E+00  1.33147E+00  2.11356E-01
Out  7.23500E-01  2.06327E+00  1.33263E+00  2.11040E-01
Out  7.24000E-01  2.06250E+00  1.33380E+00  2.10725E-01
Out  7.24500E-01  2.06172E+00  1.33496E+00  2.10410E-01
Out  7.25000E-01  2.06095E+00  1.33613E+00  2.10096E-01
Out  7.25500E-01  2.06018E+00  1.33729E+00  2.09782E-01
Out  7.26000E-01  2.05940E+00  1.33845E+00  2.09469E-01
Out  7.26500E-01  2.05863E+00  1.33961E+00  2.09156E-01
Out  7.27000E-01  2.05785E+00  1.34078E+00  2.08844E-01
Out  7.27500E-01  2.05708E+00  1.34194E+00  2.08532E-01
Out  7.28000E-01  2.05630E+00  1.34310E+00  2.08221E-01
Out  7.28500E-01  2.05552E+00  1.34426E+00  2.07910E-01
Out  7.29000E-01  2.05475E+00  1.34543E+00  2.07600E-01
Out  7.29500E-01  2.05397E+00  1.34659E+00  2.07291E-01
Out  7.30000E-01  2.05319E+00  1.34775E+00  2.06982E-01
Out  7.30500E-01  2.05241E+00  1.34891E+00  2.06673E-01
Out  7.31000E-01  2.05163E+00  1.35007E+00  2.06365E-01
Out  7.31500E-01  2.05085E+00  1.35123E+00  2.06058E-01
Out  7.32000E-01  2.05008E+00  1.35239E+00  2.05751E-01
Out  7.32500E-01  2.04930E+00  1.35355E+00  2.05445E-01
Out  7.33000E-01  2.04851E+00  1.35471E+00  2.05139E-01
Out  7.33500E-01  2.04773E+00  1.35587E+00  2.04834E-01
Out  7.34000E-01  2.04695E+00  1.35703E+00  2.04529E-01
Out  7.34500E-01  2.04617E+00  1.35819E+00  2.04225E-01
Out  7.35000E-01  2.04539E+00  1.35935E+00  2.03921E-01
Out  7.35500E-01  2.04461E+00  1.36050E+00  2.03618E-01
Out  7.36000E-01  2.04382E+00  1.36166E+00  2.03315E-01
Out  7.36500E-01  2.04304E+00  1.36282E+00  2.03013E-01
Out  7.37000E-01  2.04226E+00  1.36398E+00  2.02711E-01
Out  7.37500E-01  2.04147E+00  1.36513E+00  2.02410E-01
Out  7.38000E-01  2.04069E+00  1.36629E+00  2.02109E-01
Out  7.38500E-01  2.03990E+00  1.36745E+00  2.01809E-01
Out  7.39000E-01  2.03912E+00  1.36860E+00  2.01510E-01
Out  7.39500E-01  2.03833E+00  1.36976E+00  2.01210E-01
Out  7.40000E-01  2.03755E+00  1.37091E+00  2.00912E-01
Out  7.40500E-01  2.03676E+00  1.37207E+00  2.00614E-01
Out  7.41000E-01  2.03597E+00  1.37323E+00  2.00316E-01
Out  7.41500E-01  2.03518E+00  1.37438E+00  2.00019E-01
Out  7.42000E-01  2.03440E+00  1.37553E+00  1.99723E-01
Out  7.42500E-01  2.03361E+00  1.37669E+00  1.99427E-01
Out  7.43000E-01  2.03282E+00  1.37784E+00  1.99131E-01
Out  7.43500E-01  2.03203E+00  1.37900E+00  1.98836E-01
Out  7.44000E-01  2.03124E+00  1.38015E+00  1.98542E-01
Out  7.44500E-01  2.03045E+00  1.38130E+00  1.98248E-01
Out  7.45000E-01  2.02966E+00  1.38246E+00  1.97954E-01
Out  7.45500E-01  2.02887E+00  1.38361E+00  1.97661E-01
Out  7.46000E-01  2.02808E+00  1.38476E+00  1.97369E-01
Out  7.46500E-01  2.02729E+00  1.38591E+00  1.97077E-01
Out  7.47000E-01  2.02649E+00  1.38707E+00  1.96785E-01
Out  7.47500E-01  2.02570E+00  1.38822E+00  1.96494E-01
Out  7.48000E-01  2.02491E+00  1.38937E+00  1.96204E-01
Out  7.48500E-01  2.02411E+00  1.39052E+00  1.95914E-01
Out  7.49000E-01  2.02332E+00  1.39167E+00  1.95624E-01
Out  7.49500E-01  2.02253E+00  1.39282E+00  1.95335E-01
Out  7.50000E-01  2.02173E+00  1.39397E+00  1.95047E-01
Out  7.50500E-01  2.02094E+00  1.39512E+00  1.94759E-01
Out  7.51000E-01  2.02014E+00  1.39627E+00  1.94471E-01
Out  7.51500E-01  2.01934E+00  1.39742E+00  1.94184E-01
Out  7.52000E-01  2.01855E+00  1.39857E+00  1.93898E-01
Out  7.52500E-01  2.01775E+00  1.39972E+00  1.93612E-01
Out  7.53000E-01  2.01695E+00  1.40087E+00  1.93326E-01
Out  7.53500E-01  2.01616E+00  1.40201E+00  1.93041E-01
Out  7.54000E-01  2.01536E+00  1.40316E+00  1.92757E-01
Out  7.54500E-01  2.01456E+00  1.40431E+00  1.92473E-01
Out  7.55000E-01  2.01376E+00  1.40546E+00  1.92189E-01
Out  7.55500E-01  2.01296E+00  1.40660E+00  1.91906E-01
Out  7.56000E-01  2.01216E+00  1.40775E+00  1.91624E-01
Out  7.56500E-01  2.01136E+00  1.40890E+00  1.91342E-01
Out  7.57000E-01  2.01056E+00  1.41004E+00  1.91060E-01
Out  7.57500E-01  2.00976E+00  1.41119E+00  1.90779E-01
Out  7.58000E-01  2.00896E+00  1.41234E+00  1.90498E-01
Out  7.58500E-01  2.00816E+00  1.41348E+00  1.90218E-01
Out  7.59000E-01  2.00735E+00  1.41463E+00  1.89938E-01
Out  7.59500E-01  2.00655E+00  1.41577E+00  1.89659E-01
Out  7.60000E-01  2.00575E+00  1.41692E+00  1.89380E-01
Out  7.60500E-01  2.00494E+00  1.41806E+00  1.89102E-01
Out  7.61000E-01  2.00414E+00  1.41920E+00  1.88824E-01
Out  7.61500E-01  2.00333E+00  1.42035E+00  1.88547E-01
Out  7.62000E-01  2.00253E+00  1.42149E+00  1.88270E-01
Out  7.62500E-01  2.00172E+00  1.42263E+00  1.87994E-01
Out  7.63000E-01  2.00092E+00  1.42378E+00  1.87718E-01
Out  7.63500E-01  2.00011E+00  1.42492E+00  1.87443E-01
Out  7.64000E-01  1.99931E+00  1.42606E+00  1.87168E-01
Out  7.64500E-01  1.99850E+00  1.42720E+00  1.86894E-01
Out  7.65000E-01  1.99769E+00  1.42835E+00  1.86620E-01
Out  7.65500E-01  1.99688E+00  1.42949E+00  1.86346E-01
Out  7.66000E-01  1.99608E+00  1.43063E+00  1.86073E-01
Out  7.66500E-01  1.99527E+00  1.43177E+00  1.85801E-01
Out  7.67000E-01  1.99446E+00  1.43291E+00  1.85529E-01
Out  7.67500E-01  1.99365E+00  1.43405E+00  1.85257E-01
Out  7.68000E-01  1.99284E+00  1.43519E+00  1.84986E-01
Out  7.68500E-01  1.99203E+00  1.43633E+00  1.84715E-01
Out  7.69000E-01  1.99122E+00  1.43747E+00  1.84445E-01
Out  7.69500E-01  1.99040E+00  1.43861E+00  1.84175E-01
Out  7.70000E-01  1.98959E+00  1.43975E+00  1.83906E-01
Out  7.70500E-01  1.98878E+00  1.44088E+00  1.83637E-01
Out  7.71000E-01  1.98797E+00  1.44202E+00  1.83369E-01
Out  7.71500E-01  1.98715E+00  1.44316E+00  1.83101E-01
Out  7.72000E-01  1.98634E+00  1.44430E+00  1.82834E-01
Out  7.72500E-01  1.98553E+00  1.44544E+00  1.82567E-01
Out  7.73000E-01  1.98471E+00  1.44657E+00  1.82300E-01
Out  7.73500E-01  1.98390E+00  1.44771E+00  1.82034E-01
Out  7.74000E-01  1.98308E+00  1.44885E+00  1.81769E-01
Out  7.74500E-01  1.98227E+00  1.44998E+00  1.81504E-01
Out  7.75000E-01  1.98145E+00  1.45112E+00  1.81239E-01
Out  7.75500E-01  1.98063E+00  1.45225E+00  1.80975E-01
Out  7.76000E-01  1.97982E+00  1.45339E+00  1.80711E-01
Out  7.76500E-01  1.97900E+00  1.45452E+00  1.80448E-01
Out  7.77000E-01  1.97818E+00  1.45566E+00  1.80185E-01
Out  7.77500E-01  1.97736E+00  1.45679E+00  1.79923E-01
Out  7.78000E-01  1.97655E+00  1.45793E+00  1.79661E-01
Out  7.78500E-01  1.97573E+00  1.45906E+00  1.79400E-01
Out  7.79000E-01  1.97491E+00  1.46020E+00  1.79139E-01
Out  7.79500E-01  1.97409E+00  1.46133E+00  1.78878E-01
Out  7.80000E-01  1.97327E+00  1.46246E+00  1.78618E-01
Out  7.80500E-01  1.97245E+00  1.46359E+00  1.78358E-01
Out  7.81000E-01  1.97162E+00  1.46473E+00  1.78099E-01
Out  7.81500E-01  1.97080E+00  1.46586E+00  1.77840E-01
Out  7.82000E-01  1.96998E+00  1.46699E+00  1.77582E-01
Out  7.82500E-01  1.96916E+00  1.46812E+00  1.77324E-01
Out  7.83000E-01  1.96834E+00  1.46925E+00  1.77067E-01
Out  7.83500E-01  1.96751E+00  1.47039E+00  1.76810E-01
Out  7.84000E-01  1.96669E+00  1.47152E+00  1.76553E-01
Out  7.84500E-01  1.96586E+00  1.47265E+00  1.76297E-01
Out  7.85000E-01  1.96504E+00  1.47378E+00  1.76042E-01
Out  7.85500E-01  1.96421E+00  1.47491E+00  1.75787E-01
Out  7.86000E-01  1.96339E+00  1.47604E+00  1.75532E-01
Out  7.86500E-01  1.96256E+00  1.47716E+00  1.75278E-01
Out  7.87000E-01  1.96174E+00  1.47829E+00  1.75024E-01
Out  7.87500E-01  1.96091E+00  1.47942E+00  1.74770E-01
Out  7.88000E-01  1.96008E+00  1.48055E+00  1.74517E-01
Out  7.88500E-01  1.95925E+00  1.48168E+00  1.74265E-01
Out  7.89000E-01  1.95843E+00  1.48281E+00  1.74013E-01
Out  7.89500E-01  1.95760E+00  1.48393E+00  1.73761E-01
Out  7.90000E-01  1.95677E+00  1.48506E+00  1.73510E-01
Out  7.90500E-01  1.95594E+00  1.48619E+00  1.73259E-01
Out  7.91000E-01  1.95511E+00  1.48731E+00  1.73009E-01
Out  7.91500E-01  1.95428E+00  1.48844E+00  1.72759E-01
Out  7.92000E-01  1.95345E+00  1.48957E+00  1.72509E-01
Out  7.92500E-01  1.95262E+00  1.49069E+00  1.72260E-01
Out  7.93000E-01  1.95179E+00  1.49182E+00  1.72012E-01
Out  7.93500E-01  1.95095E+00  1.49294E+00  1.71764E-01
Out  7.94000E-01  1.95012E+00  1.49407E+00  1.71516E-01
Out  7.94500E-01  1.94929E+00  1.49519E+00  1.71269E-01
Out  7.95000E-01  1.94846E+00  1.49632E+00  1.71022E-01
Out  7.95500E-01  1.94762E+00  1.49744E+00  1.70775E-01
Out  7.96000E-01  1.94679E+00  1.49856E+00  1.70529E-01
Out  7.96500E-01  1.94595E+00  1.49969E+00  1.70284E-01
Out  7.97000E-01  1.94512E+00  1.50081E+00  1.70038E-01
Out  7.97500E-01  1.94428E+00  1.50193E+00  1.69794E-01
Out  7.98000E-01  1.94345E+00  1.50305E+00  1.69549E-01
Out  7.98500E-01  1.94261E+00  1.50418E+00  1.69305E-01
Out  7.99000E-01  1.94177E+00  1.50530E+00  1.69062E-01
Out  7.99500E-01  1.94094E+00  1.50642E+00  1.68819E-01
Out  8.00000E-01  1.94010E+00  1.50754E+00  1.68576E-01
